,Date,states,Lst_price,sret,mkt_cret,Ticker
0,2016-01-06,1,1.463,-0.00307115068212714,-0.00307115068212714,GBPUSD
1,2016-01-07,1,1.4618,-0.0008205689738330401,-0.00389171965596018,GBPUSD
2,2016-01-08,1,1.4517,-0.006933269578908796,-0.010824989234868975,GBPUSD
3,2016-01-11,1,1.4543,0.0017894017162817777,-0.009035587518587197,GBPUSD
4,2016-01-12,1,1.4448,-0.006553781520943444,-0.015589369039530641,GBPUSD
5,2016-01-13,1,1.4407,-0.0028417970952937044,-0.018431166134824345,GBPUSD
6,2016-01-14,1,1.4413,0.0004163775216297405,-0.018014788613194603,GBPUSD
7,2016-01-15,1,1.4258,-0.010812424405529049,-0.028827213018723652,GBPUSD
8,2016-01-19,1,1.4158,-0.0070383173434392056,-0.035865530362162855,GBPUSD
9,2016-01-20,1,1.4192,0.0023985902152262764,-0.03346694014693658,GBPUSD
10,2016-01-21,1,1.4221,0.0020413198233355037,-0.03142562032360108,GBPUSD
11,2016-01-22,1,1.4265,0.0030892392749041066,-0.02833638104869697,GBPUSD
12,2016-01-25,1,1.4249,-0.0011222558518115932,-0.029458636900508563,GBPUSD
13,2016-01-26,1,1.435,0.007063213391978354,-0.02239542350853021,GBPUSD
14,2016-01-27,1,1.4234,-0.008116473328550741,-0.03051189683708095,GBPUSD
15,2016-01-28,1,1.4362,0.008952360811046414,-0.021559536026034536,GBPUSD
16,2016-01-29,1,1.4244,-0.008250064272594344,-0.02980960029862888,GBPUSD
17,2016-02-01,1,1.4433,0.01318148596989508,-0.0166281143287338,GBPUSD
18,2016-02-02,1,1.441,-0.0015948413739956223,-0.018222955702729422,GBPUSD
19,2016-02-03,1,1.4603,0.01330457704690352,-0.0049183786558259016,GBPUSD
20,2016-02-04,1,1.4589,-0.0009591669685758452,-0.005877545624401747,GBPUSD
21,2016-02-05,1,1.4503,-0.005912295511645539,-0.011789841136047287,GBPUSD
22,2016-02-08,1,1.4433,-0.0048382731926865956,-0.016628114328733883,GBPUSD
23,2016-02-09,1,1.4472,0.002698496707567711,-0.013929617621166172,GBPUSD
24,2016-02-10,1,1.4522,0.0034489928650610086,-0.010480624756105164,GBPUSD
25,2016-02-11,1,1.4477,-0.0031035577861484253,-0.01358418254225359,GBPUSD
26,2016-02-12,1,1.4503,0.001794341406206513,-0.011789841136047077,GBPUSD
27,2016-02-16,1,1.4306,-0.01367649489192077,-0.02546633602796785,GBPUSD
28,2016-02-17,1,1.4294,-0.0008391608884050476,-0.026305496916372895,GBPUSD
29,2016-02-18,1,1.4337,0.003003739466343691,-0.023301757450029204,GBPUSD
30,2016-02-19,1,1.4406,0.004801178203040511,-0.018500579246988693,GBPUSD
31,2016-02-22,1,1.415,-0.017930162377924583,-0.036430741624913276,GBPUSD
32,2016-02-23,1,1.4022,-0.0090870993044708,-0.045517840929384074,GBPUSD
33,2016-02-24,1,1.3927,-0.006798122713820873,-0.05231596364320495,GBPUSD
34,2016-02-25,1,1.3962,0.0025099514772549065,-0.04980601216595004,GBPUSD
35,2016-02-26,1,1.3871,-0.006539023767056763,-0.056345035933006805,GBPUSD
36,2016-02-29,1,1.3917,0.0033107846565631313,-0.05303425127644367,GBPUSD
37,2016-03-01,1,1.3952,0.0025117527289075085,-0.05052249854753616,GBPUSD
38,2016-03-02,1,1.4078,0.008990428019316078,-0.04153207052822008,GBPUSD
39,2016-03-03,1,1.4178,0.007078172246885994,-0.03445389828133409,GBPUSD
40,2016-03-04,1,1.4229,0.00359066813072854,-0.03086323015060555,GBPUSD
41,2016-03-07,1,1.4265,0.0025268491019091125,-0.028336381048696437,GBPUSD
42,2016-03-08,1,1.4215,-0.0035112395625003408,-0.03184762061119678,GBPUSD
43,2016-03-09,1,1.4217,0.00014068655059778614,-0.031706934060599,GBPUSD
44,2016-03-10,1,1.4281,0.004491550817235041,-0.027215383243363957,GBPUSD
45,2016-03-11,1,1.4382,0.0070474422095063004,-0.020167941033857655,GBPUSD
46,2016-03-14,1,1.4302,-0.005578037054098101,-0.025745978087955756,GBPUSD
47,2016-03-15,1,1.4151,-0.010614094655969826,-0.03636007274392558,GBPUSD
48,2016-03-16,1,1.4259,0.007602993329747729,-0.028757079414177853,GBPUSD
49,2016-03-17,1,1.4482,0.01551821266664692,-0.013238866747530933,GBPUSD
50,2016-03-18,1,1.4476,-0.0004143932651329748,-0.013653260012663909,GBPUSD
51,2016-03-21,1,1.4369,-0.007418997454426364,-0.021072257467090273,GBPUSD
52,2016-03-22,1,1.4208,-0.011267921997255353,-0.03234017946434563,GBPUSD
53,2016-03-23,1,1.4117,-0.006425441347751733,-0.03876562081209736,GBPUSD
54,2016-03-24,1,1.4153,0.002546870849639268,-0.036218749962458094,GBPUSD
55,2016-03-29,1,1.4384,0.016189861977562548,-0.020028887984895546,GBPUSD
56,2016-03-30,1,1.4378,-0.00041721716758464267,-0.020446105152480187,GBPUSD
57,2016-03-31,1,1.436,-0.0012526969416016376,-0.021698802094081825,GBPUSD
58,2016-04-01,1,1.4227,-0.009304995951048061,-0.031003798045129885,GBPUSD
59,2016-04-04,1,1.4264,0.0025973128918091912,-0.028406485153320695,GBPUSD
60,2016-04-05,1,1.4161,-0.00724717331991758,-0.03565365847323827,GBPUSD
61,2016-04-06,1,1.4123,-0.002687033153994844,-0.038340691627233116,GBPUSD
62,2016-04-07,1,1.4056,-0.004755323202130794,-0.04309601482936391,GBPUSD
63,2016-04-08,1,1.4128,0.005109292976808222,-0.037986721852555694,GBPUSD
64,2016-04-11,1,1.4239,0.007826034937253349,-0.030160686915302347,GBPUSD
65,2016-04-12,1,1.4275,0.002525076743216354,-0.027635610172085993,GBPUSD
66,2016-04-13,1,1.4204,-0.004986140461232349,-0.03262175063331834,GBPUSD
67,2016-04-14,1,1.4155,-0.003455696516978607,-0.03607744715029695,GBPUSD
68,2016-04-15,1,1.4202,0.0033148811960388995,-0.03276256595425805,GBPUSD
69,2016-04-18,1,1.4278,0.005337091320366992,-0.027425474633891056,GBPUSD
70,2016-04-19,1,1.4398,0.008369416966842345,-0.01905605766704871,GBPUSD
71,2016-04-20,1,1.4332,-0.004594508604403691,-0.0236505662714524,GBPUSD
72,2016-04-21,1,1.4323,-0.0006281626449794359,-0.024278728916431836,GBPUSD
73,2016-04-22,1,1.4403,0.005569881419184869,-0.018708847497246966,GBPUSD
74,2016-04-25,1,1.4482,0.005469980749716054,-0.013238866747530912,GBPUSD
75,2016-04-26,1,1.4582,0.006881392417609657,-0.006357474329921255,GBPUSD
76,2016-04-27,1,1.4543,-0.0026781131886654853,-0.00903558751858674,GBPUSD
77,2016-04-28,1,1.4609,0.004527998954804061,-0.004507588563782679,GBPUSD
78,2016-04-29,1,1.4612,0.00020533178265898518,-0.004302256781123694,GBPUSD
79,2016-05-03,1,1.4535,-0.005283574922196894,-0.009585831703320589,GBPUSD
80,2016-05-04,1,1.4496,-0.002686784710215791,-0.012272616413536379,GBPUSD
81,2016-05-05,1,1.4485,-0.0007591180793098462,-0.013031734492846225,GBPUSD
82,2016-05-06,1,1.4427,-0.004012180257678302,-0.017043914750524528,GBPUSD
83,2016-05-09,1,1.4407,-0.0013872513842993742,-0.0184311661348239,GBPUSD
84,2016-05-10,1,1.4442,0.0024264284496538988,-0.016004737685170002,GBPUSD
85,2016-05-11,1,1.4448,0.00041536864563985673,-0.015589369039530145,GBPUSD
86,2016-05-12,1,1.4451,0.00020761964156377707,-0.015381749397966368,GBPUSD
87,2016-05-13,1,1.4365,-0.005968923884940569,-0.021350673282906938,GBPUSD
88,2016-05-16,1,1.4402,0.002572393395421977,-0.018778279887484962,GBPUSD
89,2016-05-17,1,1.4463,0.004226578264919792,-0.01455170162256517,GBPUSD
90,2016-05-18,1,1.4599,0.009359369126247996,-0.005192332496317174,GBPUSD
91,2016-05-19,1,1.4611,0.0008216364721046179,-0.004370696024212556,GBPUSD
92,2016-05-20,1,1.4502,-0.007488098740546547,-0.011858794764759102,GBPUSD
93,2016-05-23,1,1.4484,-0.001241979046006231,-0.013100773810765333,GBPUSD
94,2016-05-24,1,1.4636,0.010439655253565742,-0.002661118557199591,GBPUSD
95,2016-05-25,1,1.4697,0.0041591441675870615,0.0014980256103874707,GBPUSD
96,2016-05-26,1,1.467,-0.0018387991696570238,-0.00034077355926955314,GBPUSD
97,2016-05-27,1,1.4623,-0.003208960525148452,-0.0035497340844180053,GBPUSD
98,2016-05-31,1,1.4483,-0.009620083811022714,-0.013169817895440718,GBPUSD
99,2016-06-01,1,1.4416,-0.004636846952737134,-0.017806664848177854,GBPUSD
100,2016-06-02,1,1.4423,0.00048545373539090274,-0.017321211112786953,GBPUSD
101,2016-06-03,1,1.4518,0.006565104261275871,-0.010756106851511082,GBPUSD
102,2016-06-06,1,1.4442,-0.0052486308336590045,-0.016004737685170085,GBPUSD
103,2016-06-07,1,1.4545,0.007106663918175014,-0.008898073766995071,GBPUSD
104,2016-06-08,1,1.4504,-0.0028228184946149644,-0.011720892261610036,GBPUSD
105,2016-06-09,1,1.4458,-0.0031765788744444893,-0.014897471136054524,GBPUSD
106,2016-06-10,1,1.4257,-0.013999880406281563,-0.028897351542336087,GBPUSD
107,2016-06-13,1,1.427,0.0009114173169212577,-0.02798593422541483,GBPUSD
108,2016-06-14,1,1.4114,-0.010992218910106632,-0.038978153135521464,GBPUSD
109,2016-06-15,1,1.4204,0.006356402502202969,-0.03262175063331849,GBPUSD
110,2016-06-16,1,1.4203,-7.04051818505748e-05,-0.032692155815169065,GBPUSD
111,2016-06-17,1,1.4358,0.010854068255300378,-0.021838087559868685,GBPUSD
112,2016-06-20,1,1.4698,0.023404151952388257,0.0015660643925195714,GBPUSD
113,2016-06-21,1,1.4652,-0.003134585190111492,-0.0015685207975919208,GBPUSD
114,2016-06-22,1,1.4707,0.0037467260016087306,0.00217820520401681,GBPUSD
115,2016-06-23,1,1.4877,0.011492825256929988,0.013671030460946797,GBPUSD
116,2016-06-24,1,1.3679,-0.08395458606779935,-0.07028355560685255,GBPUSD
117,2016-06-27,1,1.3225,-0.03375283236294407,-0.10403638796979661,GBPUSD
118,2016-06-28,0,1.3344,0.008957867872027915,-0.0950785200977687,GBPUSD
119,2016-06-29,0,1.3429,0.00634970198264733,-0.08872881811512137,GBPUSD
120,2016-06-30,0,1.3311,-0.008825786534156157,-0.09755460464927752,GBPUSD
121,2016-07-01,0,1.3267,-0.0033110121301024105,-0.10086561677937994,GBPUSD
122,2016-07-05,0,1.3022,-0.01863951412010942,-0.11950513089948936,GBPUSD
123,2016-07-06,0,1.2931,-0.0070127055009558395,-0.1265178364004452,GBPUSD
124,2016-07-07,0,1.2908,-0.0017802551239991208,-0.12829809152444432,GBPUSD
125,2016-07-08,0,1.2954,0.003557346571010038,-0.12474074495343429,GBPUSD
126,2016-07-11,0,1.2998,0.0033908787114318092,-0.12134986624200247,GBPUSD
127,2016-07-12,0,1.3247,0.018975612229967236,-0.10237425401203523,GBPUSD
128,2016-07-13,0,1.3147,-0.007577515987657246,-0.10995176999969247,GBPUSD
129,2016-07-14,0,1.3343,0.014798307045816398,-0.09515346295387607,GBPUSD
130,2016-07-15,0,1.3192,-0.011381317502985886,-0.10653478045686196,GBPUSD
131,2016-07-18,0,1.3255,0.004764254483691066,-0.10177052597317089,GBPUSD
132,2016-07-19,0,1.3111,-0.010923267223724097,-0.11269379319689499,GBPUSD
133,2016-07-20,0,1.3208,0.007371134100562103,-0.10532265909633289,GBPUSD
134,2016-07-21,0,1.3233,0.0018910031730855488,-0.10343165592324734,GBPUSD
135,2016-07-22,0,1.3109,-0.00941469257524014,-0.11284634849848747,GBPUSD
136,2016-07-25,0,1.314,0.0023619958407924057,-0.11048435265769507,GBPUSD
137,2016-07-26,0,1.313,-0.0007613247417597733,-0.11124567739945485,GBPUSD
138,2016-07-27,0,1.3223,0.0070580492599809416,-0.10418762813947391,GBPUSD
139,2016-07-28,0,1.3164,-0.004471906493592362,-0.10865953463306627,GBPUSD
140,2016-07-29,0,1.323,0.005001147045770752,-0.10365838758729552,GBPUSD
141,2016-08-01,0,1.3179,-0.003862324465112036,-0.10752071205240755,GBPUSD
142,2016-08-02,0,1.3357,0.01341593833321603,-0.09410477371919153,GBPUSD
143,2016-08-03,0,1.3325,-0.002398621943060191,-0.09650339566225172,GBPUSD
144,2016-08-04,0,1.3107,-0.016495531414499776,-0.11299892707675149,GBPUSD
145,2016-08-05,0,1.3073,-0.0025974040576856173,-0.11559633113443711,GBPUSD
146,2016-08-08,0,1.304,-0.0025274780812160067,-0.11812380921565312,GBPUSD
147,2016-08-09,0,1.3003,-0.002841456429324143,-0.12096526564497725,GBPUSD
148,2016-08-10,0,1.301,0.0005381924552310561,-0.1204270731897462,GBPUSD
149,2016-08-11,0,1.2956,-0.0041592912153309595,-0.12458636440507716,GBPUSD
150,2016-08-12,0,1.292,-0.0027825029546270806,-0.12736886735970424,GBPUSD
151,2016-08-15,0,1.288,-0.003100777678248271,-0.1304696450379525,GBPUSD
152,2016-08-16,0,1.3046,0.012805852697696758,-0.11766379234025574,GBPUSD
153,2016-08-17,0,1.3042,-0.00030665440289368105,-0.11797044674314942,GBPUSD
154,2016-08-18,0,1.3168,0.009614724963703459,-0.10835572177944597,GBPUSD
155,2016-08-19,0,1.3075,-0.007087633983727303,-0.11544335576317327,GBPUSD
156,2016-08-22,0,1.3137,0.004730666536384453,-0.11071268922678881,GBPUSD
157,2016-08-23,0,1.3198,0.0046326264738588184,-0.10608006275293,GBPUSD
158,2016-08-24,0,1.3232,0.0025728353201054472,-0.10350722743282455,GBPUSD
159,2016-08-25,0,1.3192,-0.003027553024037705,-0.10653478045686225,GBPUSD
160,2016-08-26,0,1.3137,-0.004177908769926657,-0.11071268922678891,GBPUSD
161,2016-08-30,0,1.308,-0.004348330458318406,-0.11506101968510732,GBPUSD
162,2016-08-31,0,1.3138,0.004424448441228647,-0.11063657124387867,GBPUSD
163,2016-09-01,0,1.3268,0.009846326614524602,-0.10079024462935407,GBPUSD
164,2016-09-02,0,1.3294,0.001957684534584096,-0.09883256009476997,GBPUSD
165,2016-09-06,0,1.344,0.010922529475613466,-0.0879100306191565,GBPUSD
166,2016-09-07,0,1.3341,-0.007393334898334455,-0.09530336551749095,GBPUSD
167,2016-09-08,0,1.3295,-0.0034539755016860935,-0.09875734101917705,GBPUSD
168,2016-09-09,0,1.3267,-0.00210827576020329,-0.10086561677938034,GBPUSD
169,2016-09-12,0,1.3337,0.005262378705477912,-0.09560323807390243,GBPUSD
170,2016-09-13,0,1.3193,-0.01085574173861808,-0.10645897981252052,GBPUSD
171,2016-09-14,0,1.3235,0.003178449777425064,-0.10328053003509545,GBPUSD
172,2016-09-15,0,1.3239,0.00030218327645531576,-0.10297834675864014,GBPUSD
173,2016-09-16,0,1.3002,-0.01806382717324293,-0.12104217393188307,GBPUSD
174,2016-09-19,0,1.303,0.002151199354476629,-0.11889097457740644,GBPUSD
175,2016-09-20,0,1.2988,-0.003228536896154183,-0.12211951147356062,GBPUSD
176,2016-09-21,0,1.3032,0.00338201705914448,-0.11873749441441614,GBPUSD
177,2016-09-22,0,1.3078,0.0035235578393403235,-0.11521393657507581,GBPUSD
178,2016-09-23,0,1.2966,-0.008600882386280309,-0.12381481896135611,GBPUSD
179,2016-09-26,0,1.2975,0.0006938822991485931,-0.12312093666220753,GBPUSD
180,2016-09-27,0,1.3023,0.0036925959336138545,-0.11942834072859367,GBPUSD
181,2016-09-28,0,1.3019,-0.0003071960703061263,-0.1197355367988998,GBPUSD
182,2016-09-29,0,1.2968,-0.003925044481885107,-0.1236605812807849,GBPUSD
183,2016-09-30,0,1.2972,0.0003084040116964201,-0.12335217726908848,GBPUSD
184,2016-10-03,0,1.2842,-0.010072139073214779,-0.13342431634230326,GBPUSD
185,2016-10-04,0,1.2728,-0.008916758336370954,-0.1423410746786742,GBPUSD
186,2016-10-05,0,1.2749,0.0016485461204993458,-0.14069252855817488,GBPUSD
187,2016-10-06,0,1.2616,-0.010486987495247851,-0.15117951605342272,GBPUSD
188,2016-10-07,0,1.2434,-0.014531193813591501,-0.16571070986701422,GBPUSD
189,2016-10-10,0,1.2362,-0.005807404610064277,-0.1715181144770785,GBPUSD
190,2016-10-11,0,1.2123,-0.019522776472635298,-0.19104089094971377,GBPUSD
191,2016-10-12,0,1.2204,0.006659292089976997,-0.18438159885973676,GBPUSD
192,2016-10-13,0,1.2254,0.004088647449039665,-0.1802929514106971,GBPUSD
193,2016-10-14,0,1.2191,-0.005154439720453666,-0.18544739113115077,GBPUSD
194,2016-10-17,0,1.2183,-0.0006564372107388879,-0.18610382834188965,GBPUSD
195,2016-10-18,0,1.2298,0.009395110159007625,-0.17670871818288203,GBPUSD
196,2016-10-19,0,1.2285,-0.001057641558135535,-0.17776635974101757,GBPUSD
197,2016-10-20,0,1.2254,-0.0025265916696795314,-0.1802929514106971,GBPUSD
198,2016-10-21,0,1.2234,-0.0016334534830896948,-0.18192640489378678,GBPUSD
199,2016-10-24,0,1.2238,0.00032690421997554547,-0.18159950067381123,GBPUSD
200,2016-10-25,0,1.2188,-0.004094003916886077,-0.1856935045906973,GBPUSD
201,2016-10-26,0,1.2247,0.00482914791568751,-0.1808643566750098,GBPUSD
202,2016-10-27,0,1.2164,-0.006800239224032087,-0.18766459589904189,GBPUSD
203,2016-10-28,0,1.2185,0.001724917262051341,-0.18593967863699054,GBPUSD
204,2016-10-31,0,1.2242,0.004666975351708477,-0.18127270328528206,GBPUSD
205,2016-11-01,0,1.2243,8.168266290026633e-05,-0.1811910206223818,GBPUSD
206,2016-11-02,0,1.2304,0.004970067671509814,-0.17622095295087198,GBPUSD
207,2016-11-03,0,1.2461,0.01267935419744229,-0.1635415987534297,GBPUSD
208,2016-11-04,0,1.2517,0.004483953385155904,-0.1590576453682738,GBPUSD
209,2016-11-07,0,1.2396,-0.009713880420384596,-0.1687715257886584,GBPUSD
210,2016-11-08,0,1.2379,-0.0013723513758286479,-0.17014387716448703,GBPUSD
211,2016-11-09,0,1.2406,0.0021787380012525063,-0.16796513916323452,GBPUSD
212,2016-11-10,0,1.2555,0.011938766058622565,-0.15602637310461195,GBPUSD
213,2016-11-11,0,1.2596,0.003260310629229878,-0.15276606247538208,GBPUSD
214,2016-11-14,0,1.249,-0.008450979101291908,-0.161217041576674,GBPUSD
215,2016-11-15,0,1.2457,-0.0026456102335307113,-0.1638626518102047,GBPUSD
216,2016-11-16,0,1.2443,-0.0011244981104615726,-0.1649871499206663,GBPUSD
217,2016-11-17,0,1.2417,-0.0020917143587891093,-0.1670788642794554,GBPUSD
218,2016-11-18,0,1.2342,-0.006058421535829984,-0.17313728581528537,GBPUSD
219,2016-11-21,0,1.2494,0.012240449172503208,-0.16089683664278215,GBPUSD
220,2016-11-22,0,1.2423,-0.005698935839838367,-0.1665957724826205,GBPUSD
221,2016-11-23,0,1.2443,0.0016086225619541938,-0.16498714992066632,GBPUSD
222,2016-11-25,0,1.2477,0.0027287336353900974,-0.16225841628527624,GBPUSD
223,2016-11-28,0,1.2416,-0.0049009859880214,-0.16715940227329765,GBPUSD
224,2016-11-29,0,1.2493,0.006182524008829356,-0.1609768782644683,GBPUSD
225,2016-11-30,0,1.2506,0.0010400416954139326,-0.15993683656905436,GBPUSD
226,2016-12-01,0,1.2591,0.0067737438744575424,-0.15316309269459683,GBPUSD
227,2016-12-02,0,1.2729,0.010900581868733763,-0.14226251082586305,GBPUSD
228,2016-12-05,0,1.2732,0.00023565453154903663,-0.14202685629431402,GBPUSD
229,2016-12-06,0,1.2678,-0.004250301557871757,-0.14627715785218579,GBPUSD
230,2016-12-07,0,1.2626,-0.004110027916540867,-0.15038718576872664,GBPUSD
231,2016-12-08,0,1.2586,-0.0031730948406920915,-0.15356028060941873,GBPUSD
232,2016-12-09,0,1.2572,-0.001112966169420497,-0.15467324677883923,GBPUSD
233,2016-12-12,0,1.2679,0.00847496261048975,-0.14619828416834948,GBPUSD
234,2016-12-13,0,1.2658,-0.0016576551926972957,-0.14785593936104677,GBPUSD
235,2016-12-14,0,1.2564,-0.007453844676713555,-0.15530978403776033,GBPUSD
236,2016-12-15,0,1.2418,-0.011688548733699023,-0.16699833277145934,GBPUSD
237,2016-12-16,0,1.2496,0.006261560154629049,-0.16073677261683028,GBPUSD
238,2016-12-19,0,1.2395,-0.008115427610176276,-0.16885220022700656,GBPUSD
239,2016-12-20,0,1.2368,-0.002180673642087813,-0.17103287386909438,GBPUSD
240,2016-12-21,0,1.2353,-0.0012135432903893242,-0.17224641715948372,GBPUSD
241,2016-12-22,0,1.2283,-0.005682755997719407,-0.17792917315720314,GBPUSD
242,2016-12-23,0,1.2282,-8.141664974985939e-05,-0.178010589806953,GBPUSD
243,2016-12-28,0,1.2226,-0.004569944300673895,-0.1825805341076269,GBPUSD
244,2016-12-29,0,1.2261,0.0028586616437163595,-0.17972187246391053,GBPUSD
245,2016-12-30,0,1.234,0.006422525226991871,-0.17329934723691864,GBPUSD
246,2017-01-03,0,1.2237,-0.008381869473710613,-0.18168121671062926,GBPUSD
247,2017-01-04,0,1.2323,0.00700328595245486,-0.1746779307581744,GBPUSD
248,2017-01-05,0,1.2419,0.007760123009909488,-0.1669178077482649,GBPUSD
249,2017-01-06,0,1.2287,-0.01068576508046139,-0.1776035728287263,GBPUSD
250,2017-01-09,0,1.2163,-0.010143236249134869,-0.18774680907786118,GBPUSD
251,2017-01-10,0,1.2177,0.0011503698885709827,-0.1865964391892902,GBPUSD
252,2017-01-11,0,1.2213,0.002952031664081078,-0.1836444075252091,GBPUSD
253,2017-01-12,0,1.2162,-0.004184621491033546,-0.18782902901624265,GBPUSD
254,2017-01-13,0,1.2182,0.0016431157163749092,-0.18618591329986775,GBPUSD
255,2017-01-17,0,1.2414,0.018865415577168216,-0.16732049772269952,GBPUSD
256,2017-01-18,0,1.2261,-0.012401374741211094,-0.1797218724639106,GBPUSD
257,2017-01-19,0,1.2342,0.006584586648625058,-0.17313728581528556,GBPUSD
258,2017-01-20,0,1.2375,0.002670228555878892,-0.17046705725940667,GBPUSD
259,2017-01-23,0,1.2535,0.012846423155502797,-0.15762063410390387,GBPUSD
260,2017-01-24,0,1.252,-0.0011973659383043454,-0.15881800004220822,GBPUSD
261,2017-01-25,0,1.2634,0.00906422680455618,-0.14975377323765204,GBPUSD
262,2017-01-26,0,1.2597,-0.0029329021063428154,-0.15268667534399485,GBPUSD
263,2017-01-27,0,1.2555,-0.0033396977606175346,-0.1560263731046124,GBPUSD
264,2017-01-30,0,1.2486,-0.005510975969996094,-0.16153734907460848,GBPUSD
265,2017-01-31,0,1.2579,0.007420740217183093,-0.1541166088574254,GBPUSD
266,2017-02-01,0,1.2659,0.006339667797955949,-0.14777694105946945,GBPUSD
267,2017-02-02,0,1.2527,-0.010482109792636472,-0.15825905085210593,GBPUSD
268,2017-02-03,0,1.2484,-0.003438490453521855,-0.16169754130562777,GBPUSD
269,2017-02-06,0,1.2469,-0.0012022603940839694,-0.16289980169971174,GBPUSD
270,2017-02-07,0,1.2509,0.0032028212181551855,-0.15969698048155656,GBPUSD
271,2017-02-08,0,1.2541,0.00255489160930858,-0.15714208887224798,GBPUSD
272,2017-02-09,0,1.2497,-0.0035146613382660667,-0.16065675021051404,GBPUSD
273,2017-02-10,0,1.2491,-0.00048023051987432165,-0.16113698073038835,GBPUSD
274,2017-02-13,0,1.2526,0.0027980991194488563,-0.15833888161093948,GBPUSD
275,2017-02-14,0,1.2468,-0.00464112219813049,-0.16298000380906996,GBPUSD
276,2017-02-15,0,1.2461,-0.0005615949443600266,-0.16354159875343,GBPUSD
277,2017-02-16,0,1.2489,0.0022444899202174345,-0.16129710883321255,GBPUSD
278,2017-02-17,0,1.2412,-0.006184510294814134,-0.16748161912802667,GBPUSD
279,2017-02-21,0,1.2473,0.004902561557438328,-0.16257905757058835,GBPUSD
280,2017-02-22,0,1.245,-0.0018456852328553725,-0.1644247428034437,GBPUSD
281,2017-02-23,0,1.2556,0.008478016068990436,-0.15594672673445328,GBPUSD
282,2017-02-24,0,1.2462,-0.007514624857676929,-0.1634613515921302,GBPUSD
283,2017-02-27,0,1.2442,-0.0016061680292021804,-0.1650675196213324,GBPUSD
284,2017-02-28,0,1.238,-0.0049955788363779344,-0.17006309845771034,GBPUSD
285,2017-03-01,0,1.2293,-0.007052272571245993,-0.17711537102895633,GBPUSD
286,2017-03-02,0,1.2267,-0.0021172646345891705,-0.1792326356635455,GBPUSD
287,2017-03-03,0,1.2291,0.0019545571822289567,-0.17727807848131655,GBPUSD
288,2017-03-06,0,1.2236,-0.004484860944186788,-0.18176293942550334,GBPUSD
289,2017-03-07,0,1.22,-0.0029464745494462187,-0.18470941397494955,GBPUSD
290,2017-03-08,0,1.2168,-0.0026263967822190214,-0.18733581075716857,GBPUSD
291,2017-03-09,0,1.2165,-0.00024657872150599157,-0.18758238947867456,GBPUSD
292,2017-03-10,0,1.2167,0.00016439256982605043,-0.1874179969088485,GBPUSD
293,2017-03-13,0,1.2219,0.00426474852907322,-0.18315324837977529,GBPUSD
294,2017-03-14,0,1.2153,-0.005416064445721991,-0.18856931282549727,GBPUSD
295,2017-03-15,0,1.2291,0.011291234344180508,-0.17727807848131677,GBPUSD
296,2017-03-16,0,1.236,0.005598164796700978,-0.1716799136846158,GBPUSD
297,2017-03-17,0,1.2396,0.0029083878959572235,-0.16877152578865856,GBPUSD
298,2017-03-20,0,1.2358,-0.003070213286713972,-0.17184173907537253,GBPUSD
299,2017-03-21,0,1.2478,0.009663467049806805,-0.16217827202556573,GBPUSD
300,2017-03-22,0,1.2485,0.0005608300431419244,-0.1616174419824238,GBPUSD
301,2017-03-23,0,1.2521,0.0028793109550740155,-0.1587381310273498,GBPUSD
302,2017-03-24,0,1.2473,-0.0038409265432384483,-0.16257905757058824,GBPUSD
303,2017-03-27,0,1.2559,0.006871231892417623,-0.15570782567817062,GBPUSD
304,2017-03-28,0,1.245,-0.008716917125273052,-0.16442474280344369,GBPUSD
305,2017-03-30,0,1.2468,0.0014447389943737638,-0.16298000380906993,GBPUSD
306,2017-03-31,0,1.255,0.0065553036727022,-0.15642470013636772,GBPUSD
307,2017-04-03,0,1.2486,-0.005112648938240457,-0.16153734907460818,GBPUSD
308,2017-04-04,0,1.244,-0.0036909293285189906,-0.16522827840312718,GBPUSD
309,2017-04-05,0,1.2483,0.0034506313578805945,-0.16177764704524658,GBPUSD
310,2017-04-06,0,1.247,-0.0010419589769686704,-0.16281960602221526,GBPUSD
311,2017-04-07,0,1.2371,-0.007970735811250603,-0.17079034183346586,GBPUSD
312,2017-04-10,0,1.2415,0.0035503950794352566,-0.16723994675403062,GBPUSD
313,2017-04-11,0,1.2491,0.006102966023642251,-0.16113698073038837,GBPUSD
314,2017-04-12,0,1.254,0.003915150221002277,-0.1572218305093861,GBPUSD
315,2017-04-13,0,1.2503,-0.0029549196919120657,-0.16017675020129815,GBPUSD
316,2017-04-18,0,1.2841,0.026674561336274334,-0.13350218886502382,GBPUSD
317,2017-04-19,0,1.2777,-0.004996497239950797,-0.13849868610497462,GBPUSD
318,2017-04-20,0,1.2813,0.0028136009182531023,-0.1356850851867215,GBPUSD
319,2017-04-21,0,1.2817,0.00031213422024777725,-0.13537295096647373,GBPUSD
320,2017-04-24,0,1.2796,-0.0016397926604153977,-0.13701274362688912,GBPUSD
321,2017-04-25,0,1.2842,0.00358842728458494,-0.13342431634230417,GBPUSD
322,2017-04-26,0,1.2848,0.0004671078325491521,-0.132957208509755,GBPUSD
323,2017-04-27,0,1.2904,0.004349183618501896,-0.12860802489125311,GBPUSD
324,2017-04-28,0,1.2951,0.003635664418542271,-0.12497236047271085,GBPUSD
325,2017-05-02,0,1.2939,-0.0009269989076342375,-0.12589935938034508,GBPUSD
326,2017-05-03,0,1.2867,-0.005580112130962726,-0.13147947151130782,GBPUSD
327,2017-05-04,0,1.2923,0.004342775340201217,-0.1271366961711066,GBPUSD
328,2017-05-05,0,1.2982,0.004555113068222456,-0.12258158310288414,GBPUSD
329,2017-05-08,0,1.294,-0.003240493538522288,-0.12582207664140643,GBPUSD
330,2017-05-09,0,1.2934,-0.00046378604835346413,-0.1262858626897599,GBPUSD
331,2017-05-10,0,1.2938,0.0003092145973925515,-0.12597664809236733,GBPUSD
332,2017-05-11,0,1.2886,-0.00402726690534307,-0.1300039149977104,GBPUSD
333,2017-05-12,0,1.289,0.0003103662346452341,-0.1296935487630652,GBPUSD
334,2017-05-15,0,1.2896,0.00046536881317655443,-0.12922817994988864,GBPUSD
335,2017-05-16,0,1.2917,0.0016270874856059976,-0.12760109246428264,GBPUSD
336,2017-05-17,0,1.297,0.00409472507847396,-0.12350636738580868,GBPUSD
337,2017-05-18,0,1.2938,-0.0024702807065587556,-0.12597664809236744,GBPUSD
338,2017-05-19,0,1.3036,0.007546043353521392,-0.11843060473884605,GBPUSD
339,2017-05-22,0,1.3,-0.00276540351377836,-0.12119600825262442,GBPUSD
340,2017-05-23,0,1.2961,-0.0030045090202987243,-0.12420051727292314,GBPUSD
341,2017-05-24,0,1.2972,0.0008483400038334931,-0.12335217726908965,GBPUSD
342,2017-05-25,0,1.2942,-0.0023153518099970917,-0.12566752907908674,GBPUSD
343,2017-05-26,0,1.2804,-0.01072021452745771,-0.13638774360654446,GBPUSD
344,2017-05-30,0,1.2859,0.004286333180685265,-0.13210141042585918,GBPUSD
345,2017-05-31,0,1.289,0.0024078616627939945,-0.1296935487630652,GBPUSD
346,2017-06-01,0,1.2882,-0.0006208288263969495,-0.13031437758946213,GBPUSD
347,2017-06-02,0,1.2888,0.00046565774997419675,-0.12984871983948792,GBPUSD
348,2017-06-05,0,1.2904,0.001240694948234592,-0.12860802489125334,GBPUSD
349,2017-06-06,0,1.2911,0.0005423203696736922,-0.12806570452157964,GBPUSD
350,2017-06-07,0,1.296,0.003788029731547179,-0.12427767479003246,GBPUSD
351,2017-06-08,0,1.2956,-0.0003086896150456829,-0.12458636440507814,GBPUSD
352,2017-06-09,0,1.2746,-0.016341504416980582,-0.1409278688220587,GBPUSD
353,2017-06-12,0,1.2659,-0.006849072237411129,-0.14777694105946984,GBPUSD
354,2017-06-13,0,1.2754,0.0074765232383887815,-0.14030041782108105,GBPUSD
355,2017-06-14,0,1.2751,-0.00023524799167510993,-0.14053566581275614,GBPUSD
356,2017-06-15,0,1.2758,0.0005488259183587598,-0.1399868398943974,GBPUSD
357,2017-06-16,0,1.2783,0.0019576373661209776,-0.1380292025282764,GBPUSD
358,2017-06-19,0,1.2737,-0.0036050195782621366,-0.14163422210653856,GBPUSD
359,2017-06-20,0,1.2629,-0.008515386943589475,-0.15014960905012803,GBPUSD
360,2017-06-21,0,1.2671,0.003320161152738291,-0.14682944789738975,GBPUSD
361,2017-06-22,0,1.2682,0.0008677474610688181,-0.14596170043632092,GBPUSD
362,2017-06-23,0,1.2718,0.0028346475673761908,-0.14312705286894473,GBPUSD
363,2017-06-26,0,1.2723,0.0003930663153471599,-0.14273398655359756,GBPUSD
364,2017-06-27,0,1.2814,0.007126944056266586,-0.13560704249733097,GBPUSD
365,2017-06-28,0,1.2926,0.008702463623873823,-0.12690457887345713,GBPUSD
366,2017-06-29,0,1.3007,0.006246887240899939,-0.12065769163255718,GBPUSD
367,2017-06-30,0,1.3025,0.00138291355782686,-0.11927477807473033,GBPUSD
368,2017-07-03,0,1.294,-0.006547298566676091,-0.12582207664140643,GBPUSD
369,2017-07-05,0,1.2934,-0.00046378604835346413,-0.1262858626897599,GBPUSD
370,2017-07-06,0,1.2971,0.002856593334134926,-0.12342926935562495,GBPUSD
371,2017-07-07,0,1.289,-0.00626427940744001,-0.12969354876306496,GBPUSD
372,2017-07-10,0,1.2881,-0.0006984595371451092,-0.13039200830021008,GBPUSD
373,2017-07-11,0,1.2848,-0.0025652002095450637,-0.13295720850975515,GBPUSD
374,2017-07-12,0,1.2885,0.002875686899922566,-0.13008152160983258,GBPUSD
375,2017-07-13,0,1.2939,0.004182162229487535,-0.12589935938034505,GBPUSD
376,2017-07-14,0,1.3098,0.012213540462046072,-0.11368581891829897,GBPUSD
377,2017-07-17,0,1.3055,-0.0032883446447696126,-0.11697416356306858,GBPUSD
378,2017-07-18,0,1.304,-0.0011496456525853706,-0.11812380921565395,GBPUSD
379,2017-07-19,0,1.3022,-0.0013813216838366143,-0.11950513089949057,GBPUSD
380,2017-07-20,0,1.2973,-0.0037699602257950425,-0.1232750911252856,GBPUSD
381,2017-07-21,0,1.2997,0.001848287010576218,-0.12142680411470938,GBPUSD
382,2017-07-24,0,1.3028,0.002382325814535693,-0.11904447830017369,GBPUSD
383,2017-07-25,0,1.3025,-0.00023029977455637008,-0.11927477807473005,GBPUSD
384,2017-07-26,0,1.3122,0.007419623283255184,-0.11185515479147487,GBPUSD
385,2017-07-27,0,1.3066,-0.004276774504127213,-0.11613192929560208,GBPUSD
386,2017-07-28,0,1.3136,0.005343116291513862,-0.11078881300408822,GBPUSD
387,2017-07-31,0,1.3215,0.0059959953461800435,-0.10479281765790817,GBPUSD
388,2017-08-01,0,1.3203,-0.0009084715591884303,-0.1057012892170966,GBPUSD
389,2017-08-02,0,1.3223,0.0015136610776218284,-0.10418762813947477,GBPUSD
390,2017-08-03,0,1.3138,-0.006448943104404594,-0.11063657124387936,GBPUSD
391,2017-08-04,0,1.304,-0.0074872379717743215,-0.11812380921565369,GBPUSD
392,2017-08-07,0,1.3035,-0.0003835091130418121,-0.1185073183286955,GBPUSD
393,2017-08-08,0,1.2992,-0.003304263966143041,-0.12181158229483854,GBPUSD
394,2017-08-09,0,1.3004,0.0009232190223367908,-0.12088836327250176,GBPUSD
395,2017-08-10,0,1.2977,-0.002078442686565376,-0.12296680595906713,GBPUSD
396,2017-08-11,0,1.3014,0.0028471413176987407,-0.12011966464136839,GBPUSD
397,2017-08-14,0,1.2964,-0.00384941579349133,-0.12396908043485971,GBPUSD
398,2017-08-15,0,1.2869,-0.007354966767773197,-0.1313240472026329,GBPUSD
399,2017-08-16,0,1.2891,0.0017080749494399897,-0.1296159722531929,GBPUSD
400,2017-08-17,0,1.2868,-0.0017857840841877897,-0.1314017563373807,GBPUSD
401,2017-08-18,0,1.287,0.00015541223125545953,-0.13124634410612523,GBPUSD
402,2017-08-21,0,1.29,0.002328289759591168,-0.12891805434653406,GBPUSD
403,2017-08-22,0,1.2824,-0.005908896060374666,-0.13482695040690873,GBPUSD
404,2017-08-23,0,1.28,-0.0018732443816803362,-0.13670019478858908,GBPUSD
405,2017-08-24,0,1.2801,7.812194840105286e-05,-0.136622072840188,GBPUSD
406,2017-08-25,0,1.2882,0.006307695250726314,-0.1303143775894617,GBPUSD
407,2017-08-29,0,1.2918,0.0027906994855819594,-0.12752367810387974,GBPUSD
408,2017-08-30,0,1.2925,0.0005417327842117267,-0.126981945319668,GBPUSD
409,2017-08-31,0,1.293,0.0003867723892733139,-0.12659517293039468,GBPUSD
410,2017-09-01,0,1.2951,0.0016228124576841182,-0.12497236047271057,GBPUSD
411,2017-09-05,0,1.3033,0.0063115973071326695,-0.1186607631655779,GBPUSD
412,2017-09-06,0,1.3043,0.0007669888395634032,-0.1178937743260145,GBPUSD
413,2017-09-07,0,1.3101,0.004436971783387573,-0.11345680254262692,GBPUSD
414,2017-09-08,0,1.32,0.007528266420791588,-0.10592853612183534,GBPUSD
415,2017-09-11,0,1.3163,-0.002806966149054508,-0.10873550227088985,GBPUSD
416,2017-09-12,0,1.3283,0.009075158707095549,-0.0996603435637943,GBPUSD
417,2017-09-13,0,1.3211,-0.0054352062541492855,-0.10509554981794358,GBPUSD
418,2017-09-14,0,1.3399,0.014130261410253956,-0.09096528840768962,GBPUSD
419,2017-09-15,0,1.3594,0.014448441617975349,-0.07651684678971428,GBPUSD
420,2017-09-18,0,1.3495,-0.007309272454478497,-0.08382611924419278,GBPUSD
421,2017-09-19,0,1.3503,0.0005926365089375056,-0.08323348273525527,GBPUSD
422,2017-09-20,0,1.3495,-0.0005926365089374169,-0.08382611924419268,GBPUSD
423,2017-09-21,0,1.358,0.006278875660582251,-0.07754724358361044,GBPUSD
424,2017-09-22,0,1.3504,-0.00561218427694886,-0.0831594278605593,GBPUSD
425,2017-09-25,0,1.3466,-0.0028179477305121997,-0.08597737559107149,GBPUSD
426,2017-09-26,0,1.3458,-0.0005942653569628225,-0.08657164094803431,GBPUSD
427,2017-09-27,0,1.3387,-0.005289637962365707,-0.09186127891040001,GBPUSD
428,2017-09-28,0,1.3442,0.004100046744013553,-0.08776123216638645,GBPUSD
429,2017-09-29,0,1.3398,-0.0032786914616982354,-0.09103992362808469,GBPUSD
430,2017-10-02,0,1.3276,-0.00914754822834785,-0.10018747185643254,GBPUSD
431,2017-10-03,0,1.3237,-0.0029419551260943073,-0.10312942698252685,GBPUSD
432,2017-10-04,0,1.3248,0.000830658911270074,-0.10229876807125678,GBPUSD
433,2017-10-05,0,1.3119,-0.009785036544010531,-0.1120838046152673,GBPUSD
434,2017-10-06,0,1.3066,-0.004048124680334748,-0.11613192929560205,GBPUSD
435,2017-10-09,0,1.3142,0.005799772057117609,-0.11033215723848444,GBPUSD
436,2017-10-10,0,1.3203,0.004630868021387825,-0.10570128921709662,GBPUSD
437,2017-10-11,0,1.3223,0.0015136610776218284,-0.1041876281394748,GBPUSD
438,2017-10-12,0,1.3262,0.00294506537199019,-0.10124256276748461,GBPUSD
439,2017-10-13,0,1.3285,0.0017327762651009725,-0.09950978650238364,GBPUSD
440,2017-10-16,0,1.3251,-0.00256255792927783,-0.10207234443166147,GBPUSD
441,2017-10-17,0,1.319,-0.004614054553275814,-0.10668639898493729,GBPUSD
442,2017-10-18,0,1.3205,0.0011365790198724333,-0.10554981996506485,GBPUSD
443,2017-10-19,0,1.3159,-0.00348961058109192,-0.10903943054615677,GBPUSD
444,2017-10-20,0,1.319,0.002353031561219592,-0.10668639898493718,GBPUSD
445,2017-10-23,0,1.3198,0.0006063362320068057,-0.10608006275293037,GBPUSD
446,2017-10-24,0,1.3134,-0.00486101519244914,-0.11094107794537951,GBPUSD
447,2017-10-25,0,1.3262,0.009698515177895127,-0.10124256276748439,GBPUSD
448,2017-10-26,0,1.3161,-0.007644892094489237,-0.10888745486197363,GBPUSD
449,2017-10-27,0,1.3128,-0.002510557064396865,-0.11139801192637049,GBPUSD
450,2017-10-30,0,1.3208,0.0060753528300371016,-0.10532265909633338,GBPUSD
451,2017-10-31,0,1.3283,0.005662315532539353,-0.09966034356379404,GBPUSD
452,2017-11-01,0,1.3245,-0.002864899426333294,-0.10252524299012733,GBPUSD
453,2017-11-02,0,1.3059,-0.014142571485762834,-0.11666781447589017,GBPUSD
454,2017-11-03,0,1.3077,0.0013774106860950765,-0.11529040378979509,GBPUSD
455,2017-11-06,0,1.3171,0.0071624810925441035,-0.10812792269725098,GBPUSD
456,2017-11-07,0,1.3166,-0.00037969397122441145,-0.10850761666847539,GBPUSD
457,2017-11-08,0,1.3116,-0.003804890063283055,-0.11231250673175844,GBPUSD
458,2017-11-09,0,1.3145,0.002208599199442609,-0.11010390753231583,GBPUSD
459,2017-11-10,0,1.3196,0.003872295184490548,-0.10623161234782529,GBPUSD
460,2017-11-13,0,1.3116,-0.006080894383933205,-0.1123125067317585,GBPUSD
461,2017-11-14,0,1.3165,0.0037289339658708653,-0.10858357276588763,GBPUSD
462,2017-11-15,0,1.3171,0.0004556500686366562,-0.10812792269725098,GBPUSD
463,2017-11-16,0,1.3195,0.0018205269383780088,-0.10630739575887298,GBPUSD
464,2017-11-17,0,1.3215,0.0015145781009650954,-0.10479281765790788,GBPUSD
465,2017-11-20,0,1.3235,0.0015122876228121059,-0.10328053003509577,GBPUSD
466,2017-11-21,0,1.3239,0.00030218327645531576,-0.10297834675864045,GBPUSD
467,2017-11-22,0,1.3325,0.006474951096388438,-0.09650339566225202,GBPUSD
468,2017-11-24,0,1.3337,0.0009001575883492886,-0.09560323807390274,GBPUSD
469,2017-11-27,0,1.3318,-0.0014256239518268988,-0.09702886202572963,GBPUSD
470,2017-11-28,0,1.3339,0.001575571470476287,-0.09545329055525335,GBPUSD
471,2017-11-29,0,1.3409,0.00523404813859794,-0.09021924241665541,GBPUSD
472,2017-11-30,0,1.3525,0.008613701435040323,-0.08160554098161509,GBPUSD
473,2017-12-01,0,1.3477,-0.0035552959455231034,-0.08516083692713819,GBPUSD
474,2017-12-04,0,1.348,0.00022257669713883474,-0.08493826022999935,GBPUSD
475,2017-12-05,0,1.3443,-0.0027485810120452853,-0.08768684124204464,GBPUSD
476,2017-12-06,0,1.3393,-0.0037263420671306826,-0.09141318330917532,GBPUSD
477,2017-12-07,0,1.3474,0.006029720133483114,-0.0853834631756922,GBPUSD
478,2017-12-08,0,1.339,-0.006253742835386948,-0.09163720601107915,GBPUSD
479,2017-12-11,0,1.3341,-0.003666159506411978,-0.09530336551749113,GBPUSD
480,2017-12-12,0,1.3318,-0.001725496508238423,-0.09702886202572955,GBPUSD
481,2017-12-13,0,1.342,0.007629627855105155,-0.0893992341706244,GBPUSD
482,2017-12-14,0,1.3431,0.0008193363834024275,-0.08857989778722197,GBPUSD
483,2017-12-15,0,1.332,-0.008298802814694955,-0.09687870060191693,GBPUSD
484,2017-12-18,0,1.3383,0.004718579701994333,-0.09216012089992259,GBPUSD
485,2017-12-19,0,1.3385,0.00014943215807845624,-0.09201068874184413,GBPUSD
486,2017-12-20,0,1.3376,-0.0006726206299700971,-0.09268330937181424,GBPUSD
487,2017-12-21,0,1.3386,0.0007473283361046744,-0.09193598103570956,GBPUSD
488,2017-12-22,0,1.3363,-0.0017196908795265881,-0.09365567191523615,GBPUSD
489,2017-12-27,0,1.34,0.002765013157941771,-0.09089065875729438,GBPUSD
490,2017-12-28,0,1.3443,0.003203817515249922,-0.08768684124204446,GBPUSD
491,2017-12-29,0,1.3513,0.005193660583833335,-0.08249318065821112,GBPUSD
492,2018-01-02,0,1.359,0.005682043107103462,-0.07681113755110766,GBPUSD
493,2018-01-03,0,1.3516,-0.005460059311008843,-0.08227119686211651,GBPUSD
494,2018-01-04,0,1.3551,0.002586176488533324,-0.07968502037358319,GBPUSD
495,2018-01-05,0,1.3571,0.0014748177586568466,-0.07821020261492634,GBPUSD
496,2018-01-08,0,1.3568,-0.00022108404968639603,-0.07843128666461273,GBPUSD
497,2018-01-09,0,1.354,-0.0020658115654182494,-0.08049709823003098,GBPUSD
498,2018-01-10,0,1.3507,-0.0024401979055019285,-0.08293729613553291,GBPUSD
499,2018-01-11,0,1.3538,0.0022924765077887606,-0.08064481962774415,GBPUSD
500,2018-01-12,1,1.3728,0.01393699665919069,-0.06670782296855346,GBPUSD
501,2018-01-16,1,1.3792,0.00465117117573088,-0.062056651792822576,GBPUSD
502,2018-01-17,1,1.3831,0.0028237357212334874,-0.059232916071589085,GBPUSD
503,2018-01-18,1,1.3894,0.004544642628118192,-0.054688273443470894,GBPUSD
504,2018-01-19,1,1.3858,-0.0025944090654997027,-0.057282682508970596,GBPUSD
505,2018-01-22,1,1.3987,0.009265643591977527,-0.04801703891699307,GBPUSD
506,2018-01-23,1,1.4,0.0009290028180915898,-0.04708803609890148,GBPUSD
507,2018-01-24,1,1.4242,0.017138015944674463,-0.029950020154227014,GBPUSD
508,2018-01-25,1,1.4142,-0.007046252377883967,-0.036996272532110984,GBPUSD
509,2018-01-26,1,1.416,0.0012719950835246494,-0.035724277448586333,GBPUSD
510,2018-01-29,1,1.4074,-0.006091964721216493,-0.04181624216980283,GBPUSD
511,2018-01-30,1,1.4147,0.005173463932440072,-0.036642778237362755,GBPUSD
512,2018-01-31,1,1.4191,0.0031053733756030637,-0.03353740486175969,GBPUSD
513,2018-02-01,1,1.4264,0.0051309197084387454,-0.028406485153320945,GBPUSD
514,2018-02-02,1,1.4118,-0.010288301587558822,-0.03869478674087977,GBPUSD
515,2018-02-05,1,1.3959,-0.011326117442659288,-0.05002090418353906,GBPUSD
516,2018-02-06,1,1.3949,-0.0007166404205229682,-0.050737544604062025,GBPUSD
517,2018-02-07,1,1.3881,-0.004886822517125972,-0.055624367121188,GBPUSD
518,2018-02-08,1,1.3913,0.002302656266767478,-0.05332171085442052,GBPUSD
519,2018-02-09,1,1.3827,-0.006200452453258753,-0.059522163307679274,GBPUSD
520,2018-02-12,1,1.3838,0.0007952286701383172,-0.05872693463754096,GBPUSD
521,2018-02-13,1,1.3894,0.00403866119406981,-0.05468827344347115,GBPUSD
522,2018-02-14,1,1.3999,0.007528806221998922,-0.047159467221472226,GBPUSD
523,2018-02-15,1,1.4099,0.007117974390535862,-0.040041492830936366,GBPUSD
524,2018-02-16,1,1.4026,-0.005191122768505243,-0.04523261559944161,GBPUSD
525,2018-02-20,1,1.3996,-0.0021411756092772063,-0.04737379120871882,GBPUSD
526,2018-02-21,1,1.3918,-0.0055886080827832795,-0.0529623992915021,GBPUSD
527,2018-02-22,1,1.3956,0.0027265569018694127,-0.05023584238963269,GBPUSD
528,2018-02-23,1,1.3971,0.0010742293438222705,-0.04916161304581042,GBPUSD
529,2018-02-26,1,1.3968,-0.00021475357110339568,-0.04937636661691382,GBPUSD
530,2018-02-27,1,1.3909,-0.004232886472253274,-0.05360925308916709,GBPUSD
531,2018-02-28,1,1.376,-0.010770280119795575,-0.06437953320896267,GBPUSD
532,2018-03-01,1,1.3776,0.0011621151801775185,-0.06321741802878515,GBPUSD
533,2018-03-02,1,1.3802,0.0018855615130352248,-0.061331856515749926,GBPUSD
534,2018-03-05,1,1.3849,0.0033995186621705925,-0.05793233785357933,GBPUSD
535,2018-03-06,1,1.3888,0.0028121300574137495,-0.05512020779616558,GBPUSD
536,2018-03-07,1,1.3896,0.000575871020809439,-0.054544336775356146,GBPUSD
537,2018-03-08,1,1.3811,-0.006135652843012134,-0.06067998961836828,GBPUSD
538,2018-03-09,1,1.385,0.002819856537555992,-0.05786013308081228,GBPUSD
539,2018-03-12,1,1.3906,0.004035169043478722,-0.053824964037333556,GBPUSD
540,2018-03-13,1,1.3962,0.00401895187138372,-0.049806012165949834,GBPUSD
541,2018-03-14,1,1.3962,0.0,-0.049806012165949834,GBPUSD
542,2018-03-15,1,1.3937,-0.0017921794108372356,-0.05159819157678707,GBPUSD
543,2018-03-16,1,1.3942,0.0003586929268345179,-0.05123949864995255,GBPUSD
544,2018-03-19,1,1.4024,0.005864280554726477,-0.04537521809522607,GBPUSD
545,2018-03-20,1,1.3998,-0.0018556853515855766,-0.04723090344681165,GBPUSD
546,2018-03-21,1,1.4141,0.010163917058291484,-0.037066986388520164,GBPUSD
547,2018-03-22,1,1.4096,-0.0031873101318157077,-0.040254296520335874,GBPUSD
548,2018-03-23,1,1.4132,0.0025506603030750422,-0.03770363621726083,GBPUSD
549,2018-03-26,1,1.4229,0.006840406066655688,-0.030863230150605145,GBPUSD
550,2018-03-27,1,1.4157,-0.0050729341511942545,-0.0359361643017994,GBPUSD
551,2018-03-28,1,1.4077,-0.00566694156653191,-0.04160310586833131,GBPUSD
552,2018-03-29,1,1.4018,-0.004200041767695332,-0.04580314763602664,GBPUSD
553,2018-04-03,1,1.4057,0.002778274271495791,-0.043024873364530855,GBPUSD
554,2018-04-04,1,1.4079,0.0015638331307614678,-0.04146104023376939,GBPUSD
555,2018-04-05,1,1.4003,-0.005412733106750112,-0.0468737733405195,GBPUSD
556,2018-04-06,1,1.4092,0.006335668105351157,-0.04053810523516835,GBPUSD
557,2018-04-09,1,1.4131,0.0027637051216179423,-0.037774400113550405,GBPUSD
558,2018-04-10,1,1.4176,0.0031794282621159017,-0.0345949718514345,GBPUSD
559,2018-04-11,1,1.4177,7.053927276929748e-05,-0.03452443257866521,GBPUSD
560,2018-04-12,1,1.4228,0.003590920950714402,-0.030933511627950806,GBPUSD
561,2018-04-13,1,1.4238,0.0007025925954725757,-0.03023091903247823,GBPUSD
562,2018-04-16,1,1.4339,0.007068651051220727,-0.023162267981257503,GBPUSD
563,2018-04-17,1,1.4288,-0.0035630735987588354,-0.026725341580016337,GBPUSD
564,2018-04-18,1,1.4203,-0.0059668142351524045,-0.03269215581516874,GBPUSD
565,2018-04-19,1,1.4087,-0.008200823620821099,-0.04089297943598984,GBPUSD
566,2018-04-20,1,1.4,-0.0061950566629113,-0.04708803609890114,GBPUSD
567,2018-04-23,1,1.394,-0.004294924282880841,-0.05138296038178198,GBPUSD
568,2018-04-24,1,1.3978,0.002722259722559418,-0.04866070065922256,GBPUSD
569,2018-04-25,1,1.3932,-0.0032963125511824586,-0.051957013210405016,GBPUSD
570,2018-04-26,1,1.3919,-0.0009335392584912909,-0.052890552468896304,GBPUSD
571,2018-04-27,1,1.3781,-0.00996398135225559,-0.06285453382115189,GBPUSD
572,2018-04-30,1,1.3763,-0.0013069998956123977,-0.06416153371676428,GBPUSD
573,2018-05-01,1,1.3614,-0.01088515697163592,-0.0750466906884002,GBPUSD
574,2018-05-02,0,1.3576,-0.0027951470938344827,-0.07784183778223468,GBPUSD
575,2018-05-03,0,1.3575,-7.366211192608124e-05,-0.07791549989416076,GBPUSD
576,2018-05-04,0,1.3531,-0.0032465165384919677,-0.08116201643265272,GBPUSD
577,2018-05-08,0,1.3547,0.0011817713170922458,-0.07998024511556048,GBPUSD
578,2018-05-09,0,1.3547,0.0,-0.07998024511556048,GBPUSD
579,2018-05-10,0,1.3519,-0.0020690172163309495,-0.08204926233189143,GBPUSD
580,2018-05-11,0,1.3542,0.0016998636811853488,-0.08034939865070607,GBPUSD
581,2018-05-14,0,1.3556,0.0010332866813511125,-0.07931611196935497,GBPUSD
582,2018-05-15,0,1.3502,-0.003991431125126105,-0.08330754309448107,GBPUSD
583,2018-05-16,0,1.3486,-0.0011857123072885345,-0.0844932554017696,GBPUSD
584,2018-05-17,0,1.3516,0.0022220585396532048,-0.0822711968621164,GBPUSD
585,2018-05-18,0,1.3469,-0.0034834202353656173,-0.08575461709748201,GBPUSD
586,2018-05-21,0,1.3427,-0.0031231435261067438,-0.08887776062358876,GBPUSD
587,2018-05-22,0,1.3432,0.0003723146846686529,-0.08850544593892011,GBPUSD
588,2018-05-23,0,1.3347,-0.00634827928322525,-0.09485372522214536,GBPUSD
589,2018-05-24,0,1.338,0.0024694142080679306,-0.09238431101407743,GBPUSD
590,2018-05-25,0,1.3309,-0.005320556595663388,-0.09770486760974081,GBPUSD
591,2018-05-29,0,1.3249,-0.004518420218433008,-0.10222328782817382,GBPUSD
592,2018-05-30,0,1.3286,0.0027887713570633175,-0.0994345164711105,GBPUSD
593,2018-05-31,0,1.3298,0.0009027987372137361,-0.09853171773389677,GBPUSD
594,2018-06-01,0,1.3346,0.003603066501151636,-0.09492865123274513,GBPUSD
595,2018-06-04,0,1.3313,-0.002475713031634747,-0.09740436426437987,GBPUSD
596,2018-06-05,0,1.3393,0.0059911809552048905,-0.09141318330917499,GBPUSD
597,2018-06-06,0,1.3413,0.0014922035149681824,-0.08992097979420681,GBPUSD
598,2018-06-07,0,1.3423,0.000745267585545785,-0.08917571220866102,GBPUSD
599,2018-06-08,0,1.3405,-0.0013418818175763932,-0.09051759402623742,GBPUSD
600,2018-06-11,0,1.3379,-0.0019414581964403276,-0.09245905222267775,GBPUSD
601,2018-06-12,0,1.3372,-0.0005233449336302058,-0.09298239715630796,GBPUSD
602,2018-06-13,0,1.3376,0.0002990877844936338,-0.09268330937181432,GBPUSD
603,2018-06-14,0,1.3262,-0.008559253395669836,-0.10124256276748415,GBPUSD
604,2018-06-15,0,1.3278,0.0012057273502918409,-0.10003683541719231,GBPUSD
605,2018-06-18,0,1.3245,-0.0024884075729346045,-0.10252524299012691,GBPUSD
606,2018-06-19,0,1.3174,-0.005374932505531956,-0.10790017549565888,GBPUSD
607,2018-06-20,0,1.3172,-0.00015182570438330834,-0.10805200120004219,GBPUSD
608,2018-06-21,0,1.324,0.0051491859947443265,-0.10290281520529786,GBPUSD
609,2018-06-22,0,1.3261,0.0015848461865996877,-0.10131796901869818,GBPUSD
610,2018-06-25,0,1.3281,0.0015070457226517128,-0.09981092329604646,GBPUSD
611,2018-06-26,0,1.3225,-0.004225464673750575,-0.10403638796979704,GBPUSD
612,2018-06-27,0,1.3113,-0.008504873195075957,-0.112541261164873,GBPUSD
613,2018-06-28,0,1.3078,-0.0026726754102028632,-0.11521393657507585,GBPUSD
614,2018-06-29,0,1.3207,0.009815562922583001,-0.10539837365249285,GBPUSD
615,2018-07-02,0,1.3143,-0.004857694561796163,-0.11025606821428902,GBPUSD
616,2018-07-03,0,1.3193,0.0037970884017684047,-0.10645897981252062,GBPUSD
617,2018-07-05,0,1.3222,0.0021957230097470154,-0.1042632568027736,GBPUSD
618,2018-07-06,0,1.3283,0.00460291323897988,-0.09966034356379372,GBPUSD
619,2018-07-09,0,1.326,-0.0017330373926498473,-0.10139338095644357,GBPUSD
620,2018-07-10,0,1.3276,0.0012059091000115037,-0.10018747185643206,GBPUSD
621,2018-07-11,0,1.3205,-0.005362348108632536,-0.1055498199650646,GBPUSD
622,2018-07-12,0,1.3206,7.572602328404776e-05,-0.10547409394178055,GBPUSD
623,2018-07-13,0,1.3222,0.0012108371390068824,-0.10426325680277367,GBPUSD
624,2018-07-16,0,1.3235,0.0009827267676782096,-0.10328053003509545,GBPUSD
625,2018-07-17,0,1.3115,-0.009108222360227455,-0.11238875239532291,GBPUSD
626,2018-07-18,0,1.3069,-0.003513599703938221,-0.11590235209926113,GBPUSD
627,2018-07-19,0,1.3014,-0.00421731254210654,-0.12011966464136767,GBPUSD
628,2018-07-20,0,1.3136,0.00933085163728034,-0.11078881300408733,GBPUSD
629,2018-07-23,0,1.3101,-0.002667989538538877,-0.1134568025426262,GBPUSD
630,2018-07-24,0,1.3145,0.003352895010310968,-0.11010390753231523,GBPUSD
631,2018-07-25,0,1.3189,0.0033416906619032558,-0.10676221687041199,GBPUSD
632,2018-07-26,0,1.3109,-0.006084131628075599,-0.11284634849848758,GBPUSD
633,2018-07-27,0,1.3105,-0.0003051804403025258,-0.11315152893879012,GBPUSD
634,2018-07-30,0,1.3133,0.0021343098276530807,-0.11101721911113703,GBPUSD
635,2018-07-31,0,1.3124,-0.0006855315041676339,-0.11170275061530466,GBPUSD
636,2018-08-01,0,1.3127,0.00022856272241511216,-0.11147418789288954,GBPUSD
637,2018-08-02,0,1.3017,-0.008414982336946942,-0.11988917022983649,GBPUSD
638,2018-08-03,0,1.3001,-0.001229917904291692,-0.12111908813412818,GBPUSD
639,2018-08-06,0,1.2944,-0.004393917263895766,-0.12551300539802396,GBPUSD
640,2018-08-07,0,1.2939,-0.00038635398232007406,-0.12589935938034402,GBPUSD
641,2018-08-08,0,1.2882,-0.004415018209116831,-0.13031437758946085,GBPUSD
642,2018-08-09,0,1.2824,-0.004512572817447141,-0.13482695040690798,GBPUSD
643,2018-08-10,0,1.2758,-0.005159889487488177,-0.13998683989439617,GBPUSD
644,2018-08-13,0,1.2771,0.001018449694361419,-0.13896839020003476,GBPUSD
645,2018-08-14,0,1.2723,-0.003765596353561519,-0.1427339865535963,GBPUSD
646,2018-08-15,0,1.2697,-0.0020456340729089507,-0.14477962062650523,GBPUSD
647,2018-08-16,0,1.2716,0.0014952979609018414,-0.1432843226656034,GBPUSD
648,2018-08-17,0,1.2749,0.002591794107428803,-0.1406925285581746,GBPUSD
649,2018-08-20,0,1.2798,0.0038360715612833418,-0.13685645699689125,GBPUSD
650,2018-08-21,0,1.2901,0.0080159190257309,-0.12884053797116035,GBPUSD
651,2018-08-22,0,1.2911,0.0007748334495819957,-0.12806570452157837,GBPUSD
652,2018-08-23,0,1.2811,-0.007775484318284902,-0.13584118883986326,GBPUSD
653,2018-08-24,0,1.2846,0.0027283019613040514,-0.1331128868785592,GBPUSD
654,2018-08-28,0,1.2873,0.002099615841896703,-0.13101327103666252,GBPUSD
655,2018-08-29,0,1.3026,0.0118152654467124,-0.11919800558995013,GBPUSD
656,2018-08-30,0,1.3009,-0.0013059345047878308,-0.12050394009473796,GBPUSD
657,2018-08-31,0,1.296,-0.003773734695293285,-0.12427767479003124,GBPUSD
658,2018-09-04,0,1.2855,-0.008134850206275841,-0.13241252499630707,GBPUSD
659,2018-09-05,0,1.2905,0.003881992452724208,-0.12853053254358285,GBPUSD
660,2018-09-06,0,1.293,0.0019353596131888896,-0.12659517293039396,GBPUSD
661,2018-09-07,0,1.292,-0.0007736944293102691,-0.12736886735970424,GBPUSD
662,2018-09-10,0,1.3026,0.008170861769754007,-0.11919800558995022,GBPUSD
663,2018-09-11,0,1.3033,0.000537242424372907,-0.11866076316557732,GBPUSD
664,2018-09-12,0,1.3045,0.0009203160401091715,-0.11774044712546815,GBPUSD
665,2018-09-13,0,1.3108,0.004817812247876391,-0.11292263487759176,GBPUSD
666,2018-09-14,0,1.3068,-0.0030562370977444612,-0.11597887197533621,GBPUSD
667,2018-09-17,0,1.3157,0.00678744264487742,-0.10919142933045879,GBPUSD
668,2018-09-18,0,1.3148,-0.0006842805817282249,-0.10987570991218702,GBPUSD
669,2018-09-19,0,1.3144,-0.0003042750670059735,-0.110179984979193,GBPUSD
670,2018-09-20,0,1.3265,0.009163606854736071,-0.10101637812445693,GBPUSD
671,2018-09-21,0,1.3072,-0.01465644947205596,-0.1156728275965129,GBPUSD
672,2018-09-24,0,1.312,0.003665245398296095,-0.1120075821982168,GBPUSD
673,2018-09-25,0,1.3184,0.004866189651172906,-0.1071413925470439,GBPUSD
674,2018-09-26,0,1.3167,-0.0012902737929092684,-0.10843166633995317,GBPUSD
675,2018-09-27,0,1.3079,-0.006705808867191205,-0.11513747520714437,GBPUSD
676,2018-09-28,0,1.3031,-0.003676756344246533,-0.11881423155139091,GBPUSD
677,2018-10-01,0,1.3042,0.0008437848082417178,-0.11797044674314919,GBPUSD
678,2018-10-02,0,1.2979,-0.00484225226538862,-0.1228126990085378,GBPUSD
679,2018-10-03,0,1.294,-0.00300937763286745,-0.12582207664140527,GBPUSD
680,2018-10-04,0,1.3021,0.006240149673836724,-0.11958192696756854,GBPUSD
681,2018-10-05,0,1.312,0.007574344769351656,-0.11200758219821688,GBPUSD
682,2018-10-08,0,1.309,-0.002289203594134563,-0.11429678579235145,GBPUSD
683,2018-10-09,0,1.3143,0.004040717578062504,-0.11025606821428895,GBPUSD
684,2018-10-10,0,1.3196,0.004024455866463895,-0.10623161234782505,GBPUSD
685,2018-10-11,0,1.323,0.0025732247605292826,-0.10365838758729577,GBPUSD
686,2018-10-12,0,1.3153,-0.005837108640222764,-0.10949549622751853,GBPUSD
687,2018-10-15,0,1.3152,-7.603117281743651e-05,-0.10957152740033596,GBPUSD
688,2018-10-16,0,1.3181,0.002202560416504716,-0.10736896698383125,GBPUSD
689,2018-10-17,0,1.3115,-0.005019785411491595,-0.11238875239532284,GBPUSD
690,2018-10-18,0,1.3018,-0.007423598168641462,-0.1198123505639643,GBPUSD
691,2018-10-19,0,1.3076,0.004445473711768575,-0.11536687685219572,GBPUSD
692,2018-10-22,0,1.2963,-0.008679343244058474,-0.1240462200962542,GBPUSD
693,2018-10-23,0,1.2983,0.001541663760210657,-0.12250455633604354,GBPUSD
694,2018-10-24,0,1.2881,-0.007887451964165564,-0.1303920083002091,GBPUSD
695,2018-10-25,0,1.2817,-0.004980942666263805,-0.13537295096647292,GBPUSD
696,2018-10-26,0,1.2828,0.0008578670832214527,-0.13451508388325148,GBPUSD
697,2018-10-29,0,1.2793,-0.002732135496010424,-0.1372472193792619,GBPUSD
698,2018-10-30,0,1.2706,-0.006823823490556579,-0.14407104286981848,GBPUSD
699,2018-10-31,0,1.2766,0.0047110639895241585,-0.13935997888029433,GBPUSD
700,2018-11-01,0,1.3012,0.019086621777239524,-0.12027335710305481,GBPUSD
701,2018-11-02,0,1.297,-0.003233010282752497,-0.12350636738580731,GBPUSD
702,2018-11-05,0,1.3041,0.005459242346412277,-0.11804712503939503,GBPUSD
703,2018-11-06,0,1.3099,0.004437650740747105,-0.11360947429864793,GBPUSD
704,2018-11-07,0,1.3126,0.0020591046360191527,-0.11155036966262878,GBPUSD
705,2018-11-08,0,1.3062,-0.004887744571065606,-0.11643811423369439,GBPUSD
706,2018-11-09,0,1.2972,-0.006914063035393943,-0.12335217726908834,GBPUSD
707,2018-11-12,0,1.2849,-0.00952720114372788,-0.13287937841281622,GBPUSD
708,2018-11-13,0,1.2977,0.00991257245375006,-0.12296680595906616,GBPUSD
709,2018-11-14,0,1.2992,0.0011552236642285647,-0.1218115822948376,GBPUSD
710,2018-11-15,0,1.2774,-0.016921928279924628,-0.13873351057476224,GBPUSD
711,2018-11-16,0,1.2834,0.004686044188926125,-0.13404746638583612,GBPUSD
712,2018-11-19,0,1.2854,0.0015571476207708245,-0.13249031876506528,GBPUSD
713,2018-11-20,0,1.2788,-0.005147815751499509,-0.1376381345165648,GBPUSD
714,2018-11-21,0,1.2778,-0.0007822890174434185,-0.1384204235340082,GBPUSD
715,2018-11-23,0,1.2814,0.00281338103667828,-0.13560704249732994,GBPUSD
716,2018-11-26,0,1.2827,0.001014001100883654,-0.1345930413964463,GBPUSD
717,2018-11-27,0,1.2747,-0.006256374516929493,-0.14084941591337577,GBPUSD
718,2018-11-28,0,1.2825,0.0061004412560490785,-0.1347489746573267,GBPUSD
719,2018-11-29,0,1.2791,-0.0026545924395771432,-0.13740356709690382,GBPUSD
720,2018-11-30,0,1.2749,-0.0032889614612708435,-0.14069252855817466,GBPUSD
721,2018-12-03,0,1.2725,-0.0018842747193987598,-0.1425768032775734,GBPUSD
722,2018-12-04,0,1.2719,-0.0004716239672389384,-0.14304842724481234,GBPUSD
723,2018-12-06,0,1.2781,0.004862754680229837,-0.1381856725645825,GBPUSD
724,2018-12-07,0,1.2726,-0.00431254833897696,-0.14249822090355946,GBPUSD
725,2018-12-10,0,1.2561,-0.01305036910548445,-0.15554859000904392,GBPUSD
726,2018-12-11,0,1.2487,-0.005908672572107995,-0.16145726258115192,GBPUSD
727,2018-12-12,0,1.2629,0.011307653531024973,-0.15014960905012695,GBPUSD
728,2018-12-13,0,1.2643,0.0011079456657276483,-0.1490416633843993,GBPUSD
729,2018-12-14,0,1.2583,-0.004757005719929842,-0.15379866910432916,GBPUSD
730,2018-12-17,0,1.2624,0.0032530674936876104,-0.15054560161064154,GBPUSD
731,2018-12-18,0,1.2639,0.0011875075614708177,-0.14935809404917072,GBPUSD
732,2018-12-19,0,1.261,-0.0022971216881611197,-0.15165521573733184,GBPUSD
733,2018-12-20,0,1.2656,0.0036412610484700776,-0.14801395468886178,GBPUSD
734,2018-12-21,0,1.2645,-0.0008695309033696438,-0.1488834855922314,GBPUSD
735,2018-12-24,0,1.2706,0.004812442722412938,-0.14407104286981848,GBPUSD
736,2018-12-27,0,1.2644,-0.004891528490970239,-0.14896257136078872,GBPUSD
737,2018-12-28,0,1.2699,0.004340455853525131,-0.1446221155072636,GBPUSD
738,2018-12-31,0,1.2754,0.004321697686183589,-0.14030041782108,GBPUSD
739,2019-01-02,0,1.2607,-0.011592732643947626,-0.1518931504650276,GBPUSD
740,2019-01-03,0,1.2628,0.0016643554466128868,-0.1502287950184147,GBPUSD
741,2019-01-04,0,1.2723,0.007494808464818236,-0.14273398655359648,GBPUSD
742,2019-01-07,0,1.2777,0.004235300448622722,-0.13849868610497376,GBPUSD
743,2019-01-08,0,1.2717,-0.004706998570576364,-0.14320568467555012,GBPUSD
744,2019-01-09,0,1.2789,0.005645745412573122,-0.137559939262977,GBPUSD
745,2019-01-10,0,1.2747,-0.0032894766503987574,-0.14084941591337574,GBPUSD
746,2019-01-11,0,1.2844,0.0075808264264833,-0.13326858948689244,GBPUSD
747,2019-01-14,0,1.2864,0.0015559362093429945,-0.13171265327754944,GBPUSD
748,2019-01-15,0,1.2861,-0.00023323615266076695,-0.1319458894302102,GBPUSD
749,2019-01-16,0,1.2885,0.0018643678203785544,-0.13008152160983166,GBPUSD
750,2019-01-17,0,1.2986,0.0078080099819666645,-0.122273511627865,GBPUSD
751,2019-01-18,0,1.2872,-0.008817444396213021,-0.13109095602407803,GBPUSD
752,2019-01-22,0,1.2954,0.006350211070643313,-0.1247407449534347,GBPUSD
753,2019-01-23,0,1.3069,0.008838392854173338,-0.11590235209926136,GBPUSD
754,2019-01-24,0,1.3066,-0.00022957719634022334,-0.11613192929560158,GBPUSD
755,2019-01-25,0,1.3196,0.009900316947776523,-0.10623161234782505,GBPUSD
756,2019-01-28,0,1.3163,-0.002503889923064353,-0.1087355022708894,GBPUSD
757,2019-01-29,0,1.3066,-0.007396427024712048,-0.11613192929560145,GBPUSD
758,2019-01-30,0,1.3116,0.003819422563843321,-0.11231250673175813,GBPUSD
759,2019-01-31,0,1.3109,-0.0005338417667297316,-0.11284634849848786,GBPUSD
760,2019-02-01,0,1.3079,-0.0022911267086567853,-0.11513747520714465,GBPUSD
761,2019-02-04,0,1.3037,-0.0032164218263735595,-0.11835389703351822,GBPUSD
762,2019-02-05,0,1.2945,-0.007081855477140781,-0.125435752510659,GBPUSD
763,2019-02-06,0,1.2932,-0.0010047533403144252,-0.1264405058509734,GBPUSD
764,2019-02-07,0,1.2952,0.0015453565121472874,-0.12489514933882613,GBPUSD
765,2019-02-08,0,1.2944,-0.0006178560591980296,-0.12551300539802415,GBPUSD
766,2019-02-11,0,1.2855,-0.006899519598283019,-0.13241252499630718,GBPUSD
767,2019-02-12,0,1.2892,0.0028741232353385357,-0.12953840176096865,GBPUSD
768,2019-02-13,0,1.2846,-0.003574485117590654,-0.1331128868785593,GBPUSD
769,2019-02-14,0,1.2803,-0.00335296037155874,-0.13646584725011804,GBPUSD
770,2019-02-15,0,1.2889,0.006694715958600503,-0.12977113129151754,GBPUSD
771,2019-02-19,0,1.3062,0.013333017057823046,-0.1164381142336945,GBPUSD
772,2019-02-20,0,1.305,-0.0009191177117630576,-0.11735723194545757,GBPUSD
773,2019-02-21,0,1.3043,-0.0005365423805563384,-0.1178937743260139,GBPUSD
774,2019-02-22,0,1.3053,0.0007664010185066742,-0.11712737330750723,GBPUSD
775,2019-02-25,0,1.3097,0.003365203940613284,-0.11376216936689396,GBPUSD
776,2019-02-26,0,1.3252,0.011765288090383493,-0.10199688127651046,GBPUSD
777,2019-02-27,0,1.3309,0.004292013666769662,-0.0977048676097408,GBPUSD
778,2019-02-28,0,1.3263,-0.003462294592203144,-0.10116716220194394,GBPUSD
779,2019-03-01,0,1.3202,-0.004609870245636755,-0.10577703244758069,GBPUSD
780,2019-03-04,0,1.318,-0.001667804192217878,-0.10744483663979856,GBPUSD
781,2019-03-05,0,1.3178,-0.0001517565827330324,-0.1075965932225316,GBPUSD
782,2019-03-06,0,1.317,-0.0006072567364385452,-0.10820384995897014,GBPUSD
783,2019-03-07,0,1.3085,-0.006474979773080468,-0.11467882973205061,GBPUSD
784,2019-03-08,0,1.3015,-0.005363997535580422,-0.12004282726763103,GBPUSD
785,2019-03-11,0,1.315,0.010319220177244749,-0.10972360709038628,GBPUSD
786,2019-03-12,0,1.3075,-0.005719748672786841,-0.11544335576317312,GBPUSD
787,2019-03-13,0,1.3338,0.019915094259127877,-0.09552826150404524,GBPUSD
788,2019-03-14,0,1.3242,-0.007223507707460247,-0.10275176921150549,GBPUSD
789,2019-03-15,0,1.329,0.0036182762224996126,-0.09913349298900587,GBPUSD
790,2019-03-18,0,1.3255,-0.0026370329841651713,-0.10177052597317104,GBPUSD
791,2019-03-19,0,1.3268,0.0009802813438172012,-0.10079024462935385,GBPUSD
792,2019-03-20,0,1.3198,-0.005289818123575981,-0.10608006275292983,GBPUSD
793,2019-03-21,0,1.3107,-0.006918864323821419,-0.11299892707675126,GBPUSD
794,2019-03-22,0,1.3209,0.007751976804317924,-0.10524695027243333,GBPUSD
795,2019-03-25,0,1.3195,-0.0010604454864390803,-0.10630739575887241,GBPUSD
796,2019-03-26,0,1.3212,0.0012875375732559328,-0.10501985818561647,GBPUSD
797,2019-03-27,0,1.3189,-0.0017423586847954086,-0.10676221687041189,GBPUSD
798,2019-03-28,0,1.3044,-0.011054890916675036,-0.11781710778708693,GBPUSD
799,2019-03-29,0,1.3035,-0.0006902105416076043,-0.11850731832869453,GBPUSD
800,2019-04-01,0,1.3103,0.005203164236983144,-0.11330415409171139,GBPUSD
801,2019-04-02,0,1.3128,0.0019061421653416017,-0.11139801192636979,GBPUSD
802,2019-04-03,0,1.3158,0.0022825848760164775,-0.10911542705035332,GBPUSD
803,2019-04-04,0,1.3077,-0.006174976739440874,-0.11529040378979419,GBPUSD
804,2019-04-05,0,1.3038,-0.0029867914220176356,-0.11827719521181182,GBPUSD
805,2019-04-08,0,1.3061,0.0017625200930365104,-0.11651467511877531,GBPUSD
806,2019-04-09,0,1.3052,-0.0006893118643100159,-0.11720398698308532,GBPUSD
807,2019-04-10,0,1.3091,0.0029835924668877864,-0.11422039451619753,GBPUSD
808,2019-04-11,0,1.3058,-0.002523998433520099,-0.11674439294971763,GBPUSD
809,2019-04-12,0,1.3074,0.001224552426095866,-0.11551984052362176,GBPUSD
810,2019-04-15,0,1.31,0.001986705016568266,-0.11353313550705349,GBPUSD
811,2019-04-16,0,1.3048,-0.0039773648883931825,-0.11751050039544667,GBPUSD
812,2019-04-17,0,1.3043,-0.0003832739305666318,-0.11789377432601329,GBPUSD
813,2019-04-18,0,1.2991,-0.003994781374550268,-0.12188855570056356,GBPUSD
814,2019-04-23,0,1.2938,-0.004088092391802043,-0.1259766480923656,GBPUSD
815,2019-04-24,0,1.2902,-0.002786379511743779,-0.1287630276041094,GBPUSD
816,2019-04-25,0,1.2899,-0.00023254912705081266,-0.12899557673116022,GBPUSD
817,2019-04-26,0,1.2916,0.0013170639130297267,-0.1276785128181305,GBPUSD
818,2019-04-29,0,1.2937,0.0016245700397360425,-0.12605394277839446,GBPUSD
819,2019-04-30,0,1.3032,0.007316448363978972,-0.11873749441441549,GBPUSD
820,2019-05-01,0,1.305,0.0013802624689584903,-0.117357231945457,GBPUSD
821,2019-05-02,0,1.3032,-0.001380262468958458,-0.11873749441441546,GBPUSD
822,2019-05-03,0,1.3173,0.010761408947946147,-0.10797608546646931,GBPUSD
823,2019-05-07,0,1.3075,-0.0074672702967033475,-0.11544335576317266,GBPUSD
824,2019-05-08,0,1.3006,-0.005291220504026645,-0.1207345762671993,GBPUSD
825,2019-05-09,0,1.3014,0.0006149116258321873,-0.12011966464136711,GBPUSD
826,2019-05-10,0,1.2998,-0.0012302016006349983,-0.12134986624200211,GBPUSD
827,2019-05-13,0,1.2958,-0.003082141444391611,-0.12443200768639373,GBPUSD
828,2019-05-14,0,1.2905,-0.004098524857188404,-0.12853053254358213,GBPUSD
829,2019-05-15,0,1.2845,-0.004660202608730319,-0.13319073515231244,GBPUSD
830,2019-05-16,0,1.2798,-0.0036657218445783407,-0.13685645699689078,GBPUSD
831,2019-05-17,0,1.2724,-0.005798934830370853,-0.14265539182726164,GBPUSD
832,2019-05-20,0,1.2726,0.0001571709237027232,-0.14249822090355893,GBPUSD
833,2019-05-21,0,1.2706,-0.0015728219662589208,-0.14407104286981784,GBPUSD
834,2019-05-22,0,1.2665,-0.0032320393907029348,-0.14730308226052077,GBPUSD
835,2019-05-23,0,1.2657,-0.0006318616433272145,-0.14793494390384798,GBPUSD
836,2019-05-24,0,1.2714,0.004493326703905823,-0.14344161719994217,GBPUSD
837,2019-05-28,0,1.2653,-0.004809407307090369,-0.14825102450703254,GBPUSD
838,2019-05-29,0,1.2626,-0.0021361612616928307,-0.15038718576872537,GBPUSD
839,2019-05-30,0,1.2608,-0.0014266468299105684,-0.15181383259863593,GBPUSD
840,2019-05-31,0,1.2629,0.0016642235485098095,-0.15014960905012611,GBPUSD
841,2019-06-03,0,1.2664,0.002767565914677968,-0.14738204313544814,GBPUSD
842,2019-06-04,0,1.2698,0.002681178169547281,-0.14470086496590087,GBPUSD
843,2019-06-05,0,1.2687,-0.000866653589796996,-0.14556751855569786,GBPUSD
844,2019-06-06,0,1.2694,0.0005515937258171549,-0.1450159248298807,GBPUSD
845,2019-06-07,0,1.2737,0.003381702723344064,-0.14163422210653664,GBPUSD
846,2019-06-10,0,1.2685,-0.004090950556377311,-0.14572517266291396,GBPUSD
847,2019-06-11,0,1.2725,0.0031483693853412865,-0.14257680327757266,GBPUSD
848,2019-06-12,0,1.2689,-0.0028330860218089876,-0.14540988929938164,GBPUSD
849,2019-06-13,0,1.2674,-0.001182825513452166,-0.1465927148128338,GBPUSD
850,2019-06-14,0,1.2589,-0.006729234117203181,-0.153321948930037,GBPUSD
851,2019-06-17,0,1.2534,-0.004378464981638313,-0.15770041391167533,GBPUSD
852,2019-06-18,0,1.2558,0.0019129608894338486,-0.15578745302224148,GBPUSD
853,2019-06-19,0,1.2639,0.006429358973071441,-0.14935809404917003,GBPUSD
854,2019-06-20,0,1.2702,0.004972189715793967,-0.14438590433337606,GBPUSD
855,2019-06-21,0,1.2737,0.002751682226839277,-0.14163422210653678,GBPUSD
856,2019-06-24,0,1.2743,0.000470957622519546,-0.14116326448401723,GBPUSD
857,2019-06-25,0,1.2689,-0.0042466248153645875,-0.1454098892993818,GBPUSD
858,2019-06-26,0,1.269,7.88053115187764e-05,-0.14533108398786304,GBPUSD
859,2019-06-27,0,1.2674,-0.001261630824970957,-0.146592714812834,GBPUSD
860,2019-06-28,0,1.2696,0.001734332322782721,-0.14485838249005129,GBPUSD
861,2019-07-01,0,1.2641,-0.004341483710687388,-0.14919986620073866,GBPUSD
862,2019-07-02,0,1.2593,-0.0038043954897111045,-0.15300426169044976,GBPUSD
863,2019-07-03,0,1.2574,-0.0015099140628399904,-0.15451417575328974,GBPUSD
864,2019-07-05,0,1.2521,-0.004223955274058786,-0.15873813102734852,GBPUSD
865,2019-07-08,0,1.2515,-0.00047930980307308966,-0.1592174408304216,GBPUSD
866,2019-07-09,0,1.2465,-0.004003207908216468,-0.16322064873863806,GBPUSD
867,2019-07-10,0,1.2502,0.0029639145340994216,-0.16025673420453865,GBPUSD
868,2019-07-11,0,1.2521,0.0015186031771900596,-0.1587381310273486,GBPUSD
869,2019-07-12,0,1.2572,0.004064884248510534,-0.15467324677883806,GBPUSD
870,2019-07-15,0,1.2516,-0.004464293128685493,-0.15913753990752355,GBPUSD
871,2019-07-16,0,1.2407,-0.008746996345901368,-0.16788453625342492,GBPUSD
872,2019-07-17,0,1.2433,0.002093398510066058,-0.16579113774335885,GBPUSD
873,2019-07-18,0,1.2549,0.009286753157370344,-0.1565043845859885,GBPUSD
874,2019-07-19,0,1.2502,-0.0037523496185503527,-0.16025673420453887,GBPUSD
875,2019-07-22,0,1.2476,-0.0020818327640636817,-0.16233856696860255,GBPUSD
876,2019-07-23,0,1.244,-0.0028897114345235353,-0.1652282784031261,GBPUSD
877,2019-07-24,0,1.2484,0.0035307370974995544,-0.16169754130562655,GBPUSD
878,2019-07-25,0,1.2458,-0.0020848375765791394,-0.1637823788822057,GBPUSD
879,2019-07-26,0,1.2384,-0.00595766998458251,-0.1697400488667882,GBPUSD
880,2019-07-29,0,1.2219,-0.01341319951298605,-0.18315324837977426,GBPUSD
881,2019-07-30,0,1.2152,-0.00549835204091347,-0.18865160042068774,GBPUSD
882,2019-07-31,0,1.2159,0.000575871020809439,-0.1880757293998783,GBPUSD
883,2019-08-01,0,1.2128,-0.002552807414265257,-0.19062853681414355,GBPUSD
884,2019-08-02,0,1.2162,0.0027995077979019807,-0.18782902901624157,GBPUSD
885,2019-08-05,0,1.2143,-0.0015634646262361047,-0.18939249364247768,GBPUSD
886,2019-08-06,0,1.2171,0.0023032008207381906,-0.1870892928217395,GBPUSD
887,2019-08-07,0,1.2143,-0.0023032008207381272,-0.18939249364247762,GBPUSD
888,2019-08-08,0,1.2133,-0.0008238590019458633,-0.1902163526444235,GBPUSD
889,2019-08-09,0,1.2033,-0.008276137613710493,-0.19849249025813398,GBPUSD
890,2019-08-12,0,1.2076,0.003567136388566763,-0.19492535386956722,GBPUSD
891,2019-08-13,0,1.206,-0.0013258205455530438,-0.19625117441512027,GBPUSD
892,2019-08-14,0,1.206,0.0,-0.19625117441512027,GBPUSD
893,2019-08-15,0,1.2088,0.0023190336713990733,-0.1939321407437212,GBPUSD
894,2019-08-16,0,1.2149,0.005033636902166617,-0.18889850384155457,GBPUSD
895,2019-08-19,0,1.2126,-0.0018949542230663101,-0.1907934580646209,GBPUSD
896,2019-08-20,0,1.217,0.003621999349897031,-0.18717145871472385,GBPUSD
897,2019-08-21,0,1.213,-0.0032921840434770055,-0.19046364275820085,GBPUSD
898,2019-08-22,0,1.2251,0.009925843356074642,-0.18053779940212622,GBPUSD
899,2019-08-23,0,1.2266,0.0012236408917582972,-0.17931415851036792,GBPUSD
900,2019-08-27,0,1.229,0.001954716374151652,-0.17735944213621627,GBPUSD
901,2019-08-28,0,1.2212,-0.006366848705312083,-0.18372629084152836,GBPUSD
902,2019-08-29,0,1.2181,-0.00254171415480964,-0.186268004996338,GBPUSD
903,2019-08-30,0,1.2156,-0.0020544856632752073,-0.1883224906596132,GBPUSD
904,2019-09-03,0,1.2081,-0.006188904517119921,-0.19451139517673313,GBPUSD
905,2019-09-04,0,1.2253,0.014136834429882825,-0.18037456074685032,GBPUSD
906,2019-09-05,0,1.2334,0.006588871601991698,-0.17378568914485862,GBPUSD
907,2019-09-06,0,1.2283,-0.004143484012343856,-0.17792917315720247,GBPUSD
908,2019-09-09,0,1.2346,0.005115931414746713,-0.17281324174245577,GBPUSD
909,2019-09-10,0,1.235,0.0003239391022822462,-0.17248930264017354,GBPUSD
910,2019-09-11,0,1.2326,-0.0019452105339349654,-0.1744345131741085,GBPUSD
911,2019-09-12,0,1.2335,0.0007298974412686519,-0.17370461573283985,GBPUSD
912,2019-09-13,0,1.2501,0.013367891127105945,-0.1603367246057339,GBPUSD
913,2019-09-16,0,1.2431,-0.005615288298847646,-0.16595201290458153,GBPUSD
914,2019-09-17,0,1.25,0.005535291498677055,-0.1604167214059045,GBPUSD
915,2019-09-18,0,1.2472,-0.0022425125527799528,-0.16265923395868445,GBPUSD
916,2019-09-19,0,1.2526,0.004320352347745624,-0.15833888161093881,GBPUSD
917,2019-09-20,0,1.2478,-0.003839390414626419,-0.16217827202556523,GBPUSD
918,2019-09-23,0,1.2429,-0.003934641925220215,-0.16611291395078545,GBPUSD
919,2019-09-24,0,1.2487,0.004655651369633553,-0.1614572625811519,GBPUSD
920,2019-09-25,0,1.2353,-0.010789154578331277,-0.17224641715948316,GBPUSD
921,2019-09-26,0,1.2328,-0.0020258505368621832,-0.17427226769634535,GBPUSD
922,2019-09-27,0,1.2292,-0.0029244537495763164,-0.17719672144592166,GBPUSD
923,2019-09-30,0,1.2289,-0.0002440909657780042,-0.17744081241169968,GBPUSD
924,2019-10-01,0,1.2302,0.0010572974837161277,-0.17638351492798354,GBPUSD
925,2019-10-02,0,1.2303,8.12842918553953e-05,-0.17630223063612815,GBPUSD
926,2019-10-03,0,1.2332,0.002354374945872203,-0.17394785569025595,GBPUSD
927,2019-10-04,0,1.2331,-8.10931355104994e-05,-0.17402894882576644,GBPUSD
928,2019-10-07,0,1.2293,-0.0030864222031895027,-0.17711537102895594,GBPUSD
929,2019-10-08,0,1.2219,-0.006037877350818842,-0.18315324837977479,GBPUSD
930,2019-10-09,0,1.2206,-0.0010644832120820882,-0.18421773159185686,GBPUSD
931,2019-10-10,0,1.2443,0.019230581671190933,-0.16498714992066593,GBPUSD
932,2019-10-11,0,1.2668,0.017920912882899227,-0.1470662370377667,GBPUSD
933,2019-10-14,0,1.2608,-0.004747595560870042,-0.15181383259863673,GBPUSD
934,2019-10-15,0,1.2787,0.014097496713507976,-0.13771633588512877,GBPUSD
935,2019-10-16,0,1.2832,0.003513021295127374,-0.1342033145900014,GBPUSD
936,2019-10-17,0,1.2891,0.004587342336809096,-0.1296159722531923,GBPUSD
937,2019-10-18,0,1.2984,0.007188436751322507,-0.12242753550186979,GBPUSD
938,2019-10-21,0,1.296,-0.001850139288161366,-0.12427767479003116,GBPUSD
939,2019-10-22,0,1.2872,-0.006813281234046625,-0.13109095602407778,GBPUSD
940,2019-10-23,0,1.2912,0.00310270183751088,-0.1279882541865669,GBPUSD
941,2019-10-24,0,1.2851,-0.004735482202588815,-0.13272373638915572,GBPUSD
942,2019-10-25,0,1.2827,-0.0018693050072903987,-0.13459304139644612,GBPUSD
943,2019-10-28,0,1.2863,0.0028026487788646586,-0.13179039261758146,GBPUSD
944,2019-10-29,0,1.2862,-7.774538390694568e-05,-0.13186813800148842,GBPUSD
945,2019-10-30,0,1.2902,0.0031051103973785245,-0.1287630276041099,GBPUSD
946,2019-10-31,0,1.2942,0.0030954985250243494,-0.12566752907908554,GBPUSD
947,2019-11-01,0,1.2946,0.00030902348824413876,-0.1253585055908414,GBPUSD
948,2019-11-04,0,1.2884,-0.004800628654366023,-0.13015913424520745,GBPUSD
949,2019-11-05,0,1.2884,0.0,-0.13015913424520745,GBPUSD
950,2019-11-06,0,1.2855,-0.00225339075109955,-0.13241252499630699,GBPUSD
951,2019-11-07,0,1.2817,-0.002960425970165873,-0.13537295096647287,GBPUSD
952,2019-11-08,0,1.2774,-0.003360559608289527,-0.13873351057476238,GBPUSD
953,2019-11-11,0,1.2855,0.006320985578455395,-0.13241252499630699,GBPUSD
954,2019-11-12,0,1.2845,-0.0007782101560060241,-0.133190735152313,GBPUSD
955,2019-11-13,0,1.2851,0.0004669987631570652,-0.13272373638915594,GBPUSD
956,2019-11-14,0,1.2882,0.0024093587996949595,-0.130314377589461,GBPUSD
957,2019-11-15,0,1.2897,0.0011637380575552228,-0.12915063953190575,GBPUSD
958,2019-11-18,0,1.2953,0.004332695365864682,-0.12481794416604107,GBPUSD
959,2019-11-19,0,1.2926,-0.0020866347074151724,-0.12690457887345624,GBPUSD
960,2019-11-20,0,1.2924,-0.00015473887845189016,-0.12705931775190812,GBPUSD
961,2019-11-21,0,1.2914,-0.0007740537579764624,-0.12783337150988458,GBPUSD
962,2019-11-22,0,1.2834,-0.006214094875951718,-0.1340474663858363,GBPUSD
963,2019-11-25,0,1.29,0.0051294120393027345,-0.12891805434653358,GBPUSD
964,2019-11-26,0,1.2866,-0.002639138378817859,-0.13155719272535144,GBPUSD
965,2019-11-27,0,1.2921,0.004265721751274698,-0.12729147097407673,GBPUSD
966,2019-11-29,0,1.2925,0.0003095256544095149,-0.12698194531966722,GBPUSD
967,2019-12-02,0,1.2939,0.001082585939322944,-0.12589935938034427,GBPUSD
968,2019-12-03,0,1.2995,0.0043186617596377595,-0.12158069762070652,GBPUSD
969,2019-12-04,0,1.3104,0.00835285901725985,-0.11322783860344666,GBPUSD
970,2019-12-05,0,1.3157,0.004036409272987533,-0.10919142933045914,GBPUSD
971,2019-12-06,0,1.314,-0.0012929233272367454,-0.11048435265769588,GBPUSD
972,2019-12-09,0,1.3147,0.0005325826580027711,-0.10995176999969311,GBPUSD
973,2019-12-10,0,1.3156,0.0006843326123434982,-0.1092674373873496,GBPUSD
974,2019-12-11,0,1.3196,0.0030358250395243497,-0.10623161234782526,GBPUSD
975,2019-12-12,0,1.3161,-0.0026558425141483674,-0.10888745486197363,GBPUSD
976,2019-12-13,0,1.3331,0.012834239279353288,-0.09605321558262034,GBPUSD
977,2019-12-16,0,1.3332,7.501031395335396e-05,-0.09597820526866699,GBPUSD
978,2019-12-17,0,1.3131,-0.01519131356862527,-0.11116951883729226,GBPUSD
979,2019-12-18,0,1.3078,-0.004044417737783681,-0.11521393657507593,GBPUSD
980,2019-12-19,0,1.3009,-0.005290003519662354,-0.12050394009473829,GBPUSD
981,2019-12-20,0,1.2999,-0.0007689941935398022,-0.1212729342882781,GBPUSD
982,2019-12-23,0,1.2936,-0.004858309151076295,-0.1261312434393544,GBPUSD
983,2019-12-24,0,1.2944,0.000618238041330053,-0.12551300539802435,GBPUSD
984,2019-12-27,0,1.3078,0.010299068822948365,-0.11521393657507598,GBPUSD
985,2019-12-30,0,1.3113,0.0026726754102028146,-0.11254126116487316,GBPUSD
986,2019-12-31,0,1.3257,0.010921610267425488,-0.10161965089744768,GBPUSD
987,2020-01-02,0,1.3145,-0.008484256634868107,-0.11010390753231579,GBPUSD
988,2020-01-03,0,1.3083,-0.0047277806531054395,-0.11483168818542124,GBPUSD
989,2020-01-06,0,1.3171,0.006703765488170277,-0.10812792269725095,GBPUSD
990,2020-01-07,0,1.3126,-0.0034224469653784517,-0.1115503696626294,GBPUSD
991,2020-01-08,0,1.3097,-0.0022117997042651136,-0.11376216936689452,GBPUSD
992,2020-01-09,0,1.3067,-0.0022932283402568826,-0.11605539770715141,GBPUSD
993,2020-01-10,0,1.3064,-0.00022961233884508084,-0.11628501004599649,GBPUSD
994,2020-01-13,0,1.2989,-0.00575751024301715,-0.12204252028901365,GBPUSD
995,2020-01-14,0,1.3019,0.002306983490113222,-0.11973553679890042,GBPUSD
996,2020-01-15,0,1.3038,0.001458341587087606,-0.11827719521181282,GBPUSD
997,2020-01-16,0,1.308,0.0032161755267049418,-0.11506101968510787,GBPUSD
998,2020-01-17,0,1.3016,-0.004904976112315931,-0.1199659957974238,GBPUSD
999,2020-01-21,0,1.305,0.002608763851965672,-0.11735723194545812,GBPUSD
1000,2020-01-22,0,1.3142,0.007025074706973776,-0.11033215723848434,GBPUSD
1001,2020-01-23,0,1.3123,-0.0014467925615265491,-0.1117789498000109,GBPUSD
1002,2020-01-24,0,1.3073,-0.0038173813344267097,-0.1155963311344376,GBPUSD
1003,2020-01-27,0,1.3057,-0.001224646153821394,-0.11682097728825899,GBPUSD
1004,2020-01-28,0,1.3028,-0.0022235010119145836,-0.11904447830017358,GBPUSD
1005,2020-01-29,0,1.3021,-0.0005374486673957686,-0.11958192696756935,GBPUSD
1006,2020-01-30,0,1.3093,0.0055142974990248835,-0.11406762946854447,GBPUSD
1007,2020-01-31,0,1.3206,0.00859353552676347,-0.105474093941781,GBPUSD
1008,2020-02-03,0,1.2995,-0.016106603678925947,-0.12158069762070695,GBPUSD
1009,2020-02-04,0,1.3031,0.0027664660693151664,-0.11881423155139179,GBPUSD
1010,2020-02-05,0,1.3002,-0.0022279423804918443,-0.12104217393188363,GBPUSD
1011,2020-02-06,0,1.2931,-0.005475662468562529,-0.12651783640044617,GBPUSD
1012,2020-02-07,0,1.2892,-0.0030205653605231185,-0.12953840176096929,GBPUSD
1013,2020-02-10,0,1.2915,0.0017824625946124995,-0.12775593916635677,GBPUSD
1014,2020-02-11,0,1.2952,0.0028607898275299767,-0.1248951493388268,GBPUSD
1015,2020-02-12,0,1.296,0.000617474548794749,-0.12427767479003204,GBPUSD
1016,2020-02-13,0,1.3046,0.006613882449775571,-0.11766379234025648,GBPUSD
1017,2020-02-14,0,1.3047,7.664890970669416e-05,-0.11758714343054978,GBPUSD
1018,2020-02-18,0,1.2998,-0.003762722811453789,-0.12134986624200357,GBPUSD
1019,2020-02-19,0,1.292,-0.006019001117701319,-0.1273688673597049,GBPUSD
1020,2020-02-20,0,1.2882,-0.002945510229756803,-0.1303143775894617,GBPUSD
1021,2020-02-21,0,1.2964,0.006345297154601971,-0.12396908043485974,GBPUSD
1022,2020-02-24,0,1.2924,-0.003090237317049094,-0.12705931775190885,GBPUSD
1023,2020-02-25,0,1.3005,0.006247850938362949,-0.1208114668135459,GBPUSD
1024,2020-02-26,0,1.2905,-0.00771906573003771,-0.12853053254358363,GBPUSD
1025,2020-02-27,0,1.2887,-0.001395781864323099,-0.12992631440790672,GBPUSD
1026,2020-02-28,0,1.2823,-0.004978617829275362,-0.13490493223718208,GBPUSD
1027,2020-03-02,0,1.2754,-0.005395485583898817,-0.1403004178210809,GBPUSD
1028,2020-03-03,0,1.2811,0.004459228981216695,-0.1358411888398642,GBPUSD
1029,2020-03-04,0,1.2872,0.004750232815785317,-0.1310909560240789,GBPUSD
1030,2020-03-05,0,1.2954,0.006350211070643313,-0.12474074495343557,GBPUSD
1031,2020-03-06,0,1.3048,0.007230244557987375,-0.11751050039544819,GBPUSD
1032,2020-03-09,0,1.3117,0.005274233514296004,-0.1122362668811522,GBPUSD
1033,2020-03-10,0,1.2911,-0.015829437640427182,-0.12806570452157937,GBPUSD
1034,2020-03-11,0,1.282,-0.007073209700057511,-0.13513891422163687,GBPUSD
1035,2020-03-12,0,1.2571,-0.019613877559829938,-0.1547527917814668,GBPUSD
1036,2020-03-13,0,1.2278,-0.02358353092738949,-0.1783363227088563,GBPUSD
1037,2020-03-16,0,1.2271,-0.0005702880108938284,-0.17890661071975011,GBPUSD
1038,2020-03-17,0,1.2055,-0.017759243361276437,-0.19666585408102655,GBPUSD
1039,2020-03-18,0,1.1608,-0.037784996051247605,-0.23445085013227415,GBPUSD
1040,2020-03-19,0,1.1485,-0.010652679440825102,-0.24510352957309925,GBPUSD
1041,2020-03-20,0,1.1629,0.01246014216984464,-0.2326433874032546,GBPUSD
1042,2020-03-23,0,1.1542,-0.007509422022131571,-0.24015280942538617,GBPUSD
1043,2020-03-24,0,1.1762,0.018881439748989676,-0.2212713696763965,GBPUSD
1044,2020-03-25,0,1.1878,0.009813953555904231,-0.21145741612049226,GBPUSD
1045,2020-03-26,0,1.2203,0.02699387355603405,-0.1844635425644582,GBPUSD
1046,2020-03-27,0,1.246,0.020841690209604625,-0.16362185235485358,GBPUSD
1047,2020-03-30,0,1.2414,-0.0036986453678460223,-0.1673204977226996,GBPUSD
1048,2020-03-31,0,1.242,0.0004832085138716423,-0.16683728920882795,GBPUSD
1049,2020-04-01,0,1.2371,-0.003953052624638136,-0.17079034183346609,GBPUSD
1050,2020-04-02,0,1.2396,0.0020188160448071867,-0.1687715257886589,GBPUSD
1051,2020-04-03,0,1.2269,-0.010298084116455917,-0.1790696099051148,GBPUSD
1052,2020-04-06,0,1.2231,-0.0031020433038197862,-0.18217165320893458,GBPUSD
1053,2020-04-07,0,1.2332,0.008223797518677859,-0.17394785569025673,GBPUSD
1054,2020-04-08,0,1.2383,0.0041270542090574265,-0.1698208014811993,GBPUSD
1055,2020-04-09,0,1.2458,0.006038422598992306,-0.16378237888220698,GBPUSD
1056,2020-04-14,0,1.2623,0.013157559938770748,-0.15062481894343624,GBPUSD
1057,2020-04-15,0,1.2518,-0.008352938268214842,-0.15897775721165108,GBPUSD
1058,2020-04-16,0,1.2457,-0.0048848945985540924,-0.16386265181020518,GBPUSD
1059,2020-04-17,0,1.2499,0.0033659272041292173,-0.16049672460607597,GBPUSD
1060,2020-04-21,0,1.2289,-0.016944087805624522,-0.1774408124117005,GBPUSD
1061,2020-04-22,0,1.2334,0.003655123266840946,-0.17378568914485956,GBPUSD
1062,2020-04-23,0,1.2344,0.0008104384915586646,-0.1729752506533009,GBPUSD
1063,2020-04-24,0,1.2367,0.0018615196990603008,-0.17111373095424062,GBPUSD
1064,2020-04-27,0,1.2431,0.005161718049658474,-0.16595201290458214,GBPUSD
1065,2020-04-28,0,1.2426,-0.0004023011680764569,-0.1663543140726586,GBPUSD
1066,2020-04-29,0,1.2469,0.003454512372947055,-0.16289980169971155,GBPUSD
1067,2020-04-30,0,1.2594,0.009974946052101875,-0.1529248556476097,GBPUSD
1068,2020-05-01,0,1.2506,-0.007011980921444918,-0.1599368365690546,GBPUSD
1069,2020-05-04,0,1.2443,-0.005050313351611973,-0.16498714992066657,GBPUSD
1070,2020-05-05,0,1.2435,-0.0006431385381261268,-0.16563028845879268,GBPUSD
1071,2020-05-06,0,1.235,-0.006859014181381699,-0.1724893026401744,GBPUSD
1072,2020-05-07,0,1.2362,0.0009711881630951784,-0.1715181144770792,GBPUSD
1073,2020-05-11,0,1.2335,-0.002186501255761459,-0.17370461573284066,GBPUSD
1074,2020-05-12,0,1.226,-0.00609881947325473,-0.17980343520609537,GBPUSD
1075,2020-05-13,0,1.2232,-0.002286461881304121,-0.1820898970873995,GBPUSD
1076,2020-05-14,0,1.223,-0.00016351892768015893,-0.18225341601507966,GBPUSD
1077,2020-05-15,0,1.2116,-0.009365056534090171,-0.19161847254916983,GBPUSD
1078,2020-05-18,0,1.2194,0.006417134320633509,-0.18520133822853632,GBPUSD
1079,2020-05-19,0,1.2253,0.00482677748168505,-0.18037456074685126,GBPUSD
1080,2020-05-20,0,1.2245,-0.0006531145631785707,-0.18102767531002983,GBPUSD
1081,2020-05-21,0,1.2223,-0.0017982676090053519,-0.18282594291903517,GBPUSD
1082,2020-05-22,0,1.2173,-0.004099038367666327,-0.18692498128670149,GBPUSD
1083,2020-05-26,0,1.2334,0.013139292141841803,-0.17378568914485967,GBPUSD
1084,2020-05-27,0,1.2261,-0.005936183319051156,-0.17972187246391083,GBPUSD
1085,2020-05-28,0,1.2321,0.004881630392281336,-0.1748402420716295,GBPUSD
1086,2020-05-29,0,1.2343,0.0017839771192604938,-0.173056264952369,GBPUSD
1087,2020-06-01,0,1.2492,0.011999338659040558,-0.16105692629332843,GBPUSD
1088,2020-06-02,0,1.2551,0.004711904257476931,-0.15634502203585152,GBPUSD
1089,2020-06-03,0,1.2575,0.0019103723074938247,-0.1544346497283577,GBPUSD
1090,2020-06-04,0,1.2597,0.0017479743843629547,-0.15268667534399474,GBPUSD
1091,2020-06-05,0,1.2668,0.005620438306227416,-0.14706623703776733,GBPUSD
1092,2020-06-08,0,1.2724,0.004410845210504451,-0.1426553918272629,GBPUSD
1093,2020-06-09,0,1.2728,0.00031431714858807397,-0.14234107467867482,GBPUSD
1094,2020-06-10,0,1.2747,0.001491658765298531,-0.1408494159133763,GBPUSD
1095,2020-06-11,0,1.2602,-0.011440418280920463,-0.15228983419429676,GBPUSD
1096,2020-06-12,0,1.254,-0.004931996315089095,-0.15722183050938585,GBPUSD
1097,2020-06-15,0,1.2605,0.005170025435108436,-0.1520518050742774,GBPUSD
1098,2020-06-16,0,1.2573,-0.002541903028838937,-0.15459370810311635,GBPUSD
1099,2020-06-17,0,1.2555,-0.0014326650014958012,-0.15602637310461215,GBPUSD
1100,2020-06-18,0,1.2424,-0.010488906763162456,-0.1665152798677746,GBPUSD
1101,2020-06-19,0,1.235,-0.005974022772399623,-0.1724893026401742,GBPUSD
1102,2020-06-22,0,1.2469,0.00958950094046272,-0.1628998016997115,GBPUSD
1103,2020-06-23,0,1.252,0.004081801657503423,-0.15881800004220809,GBPUSD
1104,2020-06-24,0,1.2419,-0.008099807706056972,-0.16691780774826506,GBPUSD
1105,2020-06-25,0,1.2419,0.0,-0.16691780774826506,GBPUSD
1106,2020-06-26,0,1.2336,-0.006705741144921866,-0.17362354889318693,GBPUSD
1107,2020-06-29,0,1.2298,-0.0030851692896957036,-0.17670871818288264,GBPUSD
1108,2020-06-30,0,1.2401,0.00834046698935724,-0.1683682511935254,GBPUSD
1109,2020-07-01,0,1.2475,0.0059495271169472275,-0.16241872407657815,GBPUSD
1110,2020-07-02,0,1.2468,-0.0005612797324918542,-0.16298000380907,GBPUSD
1111,2020-07-06,0,1.2492,0.0019230775157417055,-0.1610569262933283,GBPUSD
1112,2020-07-07,0,1.2542,0.003994572699996925,-0.15706235359333137,GBPUSD
1113,2020-07-08,0,1.261,0.005407137855999033,-0.15165521573733234,GBPUSD
1114,2020-07-09,0,1.2606,-0.0003172588859098233,-0.15197247462324218,GBPUSD
1115,2020-07-10,0,1.2622,0.0012684320711294883,-0.1507040425521127,GBPUSD
1116,2020-07-13,0,1.2555,-0.005322330552499441,-0.15602637310461215,GBPUSD
1117,2020-07-14,0,1.2553,-0.00015931177347694466,-0.1561856848780891,GBPUSD
1118,2020-07-15,0,1.2587,0.0027048544732964698,-0.15348083040479263,GBPUSD
1119,2020-07-16,0,1.2553,-0.0027048544732964845,-0.15618568487808912,GBPUSD
1120,2020-07-17,0,1.2568,0.0011942201172485468,-0.15499146476084058,GBPUSD
1121,2020-07-20,0,1.2661,0.007372501584796201,-0.1476189631760444,GBPUSD
1122,2020-07-21,0,1.2731,0.005513561541392016,-0.14210540163465238,GBPUSD
1123,2020-07-22,0,1.2734,0.00023561751532531191,-0.14186978411932707,GBPUSD
1124,2020-07-23,0,1.2741,0.000549558404410172,-0.1413202257149169,GBPUSD
1125,2020-07-24,0,1.2794,0.004151171028702244,-0.13716905468621465,GBPUSD
1126,2020-07-27,0,1.2882,0.006854677096752983,-0.13031437758946168,GBPUSD
1127,2020-07-28,0,1.2932,0.0038738717384876626,-0.12644050585097402,GBPUSD
1128,2020-07-29,0,1.2997,0.005013701736264933,-0.12142680411470909,GBPUSD
1129,2020-07-30,0,1.3096,0.0075882784693823615,-0.11383852564532673,GBPUSD
1130,2020-07-31,0,1.3085,-0.0008403040867246792,-0.11467882973205142,GBPUSD
1131,2020-08-03,0,1.3075,-0.0007645260311224623,-0.11544335576317388,GBPUSD
1132,2020-08-04,0,1.3071,-0.0003059741475719486,-0.11574932991074584,GBPUSD
1133,2020-08-05,0,1.3114,0.0032843260380128092,-0.11246500387273303,GBPUSD
1134,2020-08-06,0,1.3143,0.00220893565844357,-0.11025606821428946,GBPUSD
1135,2020-08-07,0,1.3052,-0.006947918768797003,-0.11720398698308646,GBPUSD
1136,2020-08-10,0,1.3073,0.0016076558486487098,-0.11559633113443775,GBPUSD
1137,2020-08-11,0,1.3048,-0.0019141692610102497,-0.117510500395448,GBPUSD
1138,2020-08-12,0,1.3034,-0.001073537408524191,-0.11858403780397218,GBPUSD
1139,2020-08-13,0,1.3067,0.0025286400968205607,-0.11605539770715162,GBPUSD
1140,2020-08-14,0,1.3086,0.0014529884405378333,-0.11460240926661379,GBPUSD
1141,2020-08-17,0,1.3103,0.00129825517490124,-0.11330415409171254,GBPUSD
1142,2020-08-18,0,1.3239,0.010325807333071622,-0.10297834675864093,GBPUSD
1143,2020-08-19,0,1.3098,-0.010707472159658057,-0.11368581891829899,GBPUSD
1144,2020-08-20,0,1.3214,0.008817326811831975,-0.10486849210646701,GBPUSD
1145,2020-08-21,0,1.309,-0.009428293685885393,-0.1142967857923524,GBPUSD
1146,2020-08-24,0,1.3063,-0.0020647734173822718,-0.11636155920973468,GBPUSD
1147,2020-08-25,0,1.3152,0.006790031809397716,-0.10957152740033696,GBPUSD
1148,2020-08-26,0,1.321,0.004400280220409934,-0.10517124717992703,GBPUSD
1149,2020-08-27,0,1.3201,-0.0006815342356113342,-0.10585278141553836,GBPUSD
1150,2020-08-28,0,1.3353,0.01144849440320434,-0.09440428701233403,GBPUSD
1151,2020-09-01,0,1.3384,0.0023188849826959027,-0.09208540202963812,GBPUSD
1152,2020-09-02,0,1.335,-0.00254357883826438,-0.0946289808679025,GBPUSD
1153,2020-09-03,0,1.3281,-0.005181942428144778,-0.09981092329604728,GBPUSD
1154,2020-09-04,0,1.3279,-0.00015060240992317828,-0.09996152570597046,GBPUSD
1155,2020-09-08,0,1.2982,-0.022620057396913702,-0.12258158310288417,GBPUSD
1156,2020-09-09,0,1.3002,0.001539409171000096,-0.12104217393188407,GBPUSD
1157,2020-09-10,0,1.2805,-0.01526747213078842,-0.13630964606267248,GBPUSD
1158,2020-09-11,0,1.2796,-0.0007030975642169315,-0.13701274362688942,GBPUSD
1159,2020-09-14,0,1.2846,0.003899856748328989,-0.13311288687856043,GBPUSD
1160,2020-09-15,0,1.2889,0.0033417555870417035,-0.12977113129151874,GBPUSD
1161,2020-09-16,0,1.2967,0.006033434144104824,-0.12373769714741391,GBPUSD
1162,2020-09-17,0,1.2973,0.0004626060221282138,-0.12327509112528569,GBPUSD
1163,2020-09-18,0,1.2917,-0.0043260013389968145,-0.1276010924642825,GBPUSD
1164,2020-09-21,0,1.2817,-0.0077718585021915206,-0.13537295096647403,GBPUSD
1165,2020-09-22,0,1.2733,-0.006575366156388475,-0.14194831712286252,GBPUSD
1166,2020-09-23,0,1.2724,-0.0007070747044009373,-0.14265539182726344,GBPUSD
1167,2020-09-24,0,1.2747,0.0018059759138864529,-0.140849415913377,GBPUSD
1168,2020-09-25,0,1.2746,-7.845290868183601e-05,-0.14092786882205882,GBPUSD
1169,2020-09-28,0,1.2834,0.006880402436221243,-0.1340474663858376,GBPUSD
1170,2020-09-29,0,1.2863,0.0022570737682546843,-0.1317903926175829,GBPUSD
1171,2020-09-30,0,1.292,0.004421525257877477,-0.12736886735970543,GBPUSD
1172,2020-10-01,0,1.2891,-0.0022471048934881587,-0.1296159722531936,GBPUSD
1173,2020-10-02,0,1.2935,0.0034074221770248256,-0.12620855007616877,GBPUSD
1174,2020-10-05,0,1.2979,0.0033958510676293644,-0.1228126990085394,GBPUSD
1175,2020-10-06,0,1.2881,-0.0075793092916711284,-0.13039200830021053,GBPUSD
1176,2020-10-07,0,1.2919,0.002945738564213276,-0.12744626973599726,GBPUSD
1177,2020-10-08,0,1.2938,0.0014696216436295647,-0.1259766480923677,GBPUSD
1178,2020-10-09,0,1.3036,0.007546043353521392,-0.1184306047388463,GBPUSD
1179,2020-10-12,0,1.3064,0.0021455946928487834,-0.11628501004599752,GBPUSD
1180,2020-10-13,0,1.2937,-0.009768932732399021,-0.12605394277839654,GBPUSD
1181,2020-10-14,0,1.3012,0.0057805856753401046,-0.12027335710305644,GBPUSD
1182,2020-10-15,0,1.2909,-0.007947266086532723,-0.12822062318958916,GBPUSD
1183,2020-10-16,0,1.2915,0.00046468402323161963,-0.12775593916635752,GBPUSD
1184,2020-10-19,0,1.2948,0.002551909516193905,-0.1252040296501636,GBPUSD
1185,2020-10-20,0,1.2948,0.0,-0.1252040296501636,GBPUSD
1186,2020-10-21,0,1.3149,0.015404374040783833,-0.10979965560937978,GBPUSD
1187,2020-10-22,0,1.3083,-0.0050320325760426264,-0.1148316881854224,GBPUSD
1188,2020-10-23,0,1.3039,-0.0033688110874038266,-0.11820049927282622,GBPUSD
1189,2020-10-26,0,1.3024,-0.0011510571811508233,-0.11935155645397705,GBPUSD
1190,2020-10-27,0,1.3044,0.0015344486668882374,-0.11781710778708882,GBPUSD
1191,2020-10-28,0,1.2983,-0.0046874485489563624,-0.12250455633604518,GBPUSD
1192,2020-10-29,0,1.293,-0.004090616594350299,-0.1265951729303955,GBPUSD
1193,2020-10-30,0,1.2947,0.0013139082927441116,-0.12528126463765138,GBPUSD
1194,2020-11-02,0,1.2917,-0.0023198278266316104,-0.127601092464283,GBPUSD
1195,2020-11-03,0,1.3059,0.010933277988391771,-0.11666781447589122,GBPUSD
1196,2020-11-04,0,1.2988,-0.005451696997670709,-0.12211951147356193,GBPUSD
1197,2020-11-05,0,1.3148,0.012243801561373531,-0.1098757099121884,GBPUSD
1198,2020-11-06,0,1.3156,0.000608272524837698,-0.1092674373873507,GBPUSD
1199,2020-11-09,0,1.3166,0.0007598207188742297,-0.10850761666847647,GBPUSD
1200,2020-11-10,0,1.3272,0.008018803842458271,-0.1004888128260182,GBPUSD
1201,2020-11-11,0,1.3222,-0.0037744439767568683,-0.10426325680277507,GBPUSD
1202,2020-11-12,0,1.3118,-0.007896776039842623,-0.11216003284261769,GBPUSD
1203,2020-11-13,0,1.3189,0.0053978159722038,-0.10676221687041389,GBPUSD
1204,2020-11-16,0,1.3199,0.0007579203030697551,-0.10600429656734413,GBPUSD
1205,2020-11-17,0,1.3246,0.003554550915970186,-0.10244974565137394,GBPUSD
1206,2020-11-18,0,1.3273,0.0020362765812775,-0.10041346907009643,GBPUSD
1207,2020-11-19,0,1.3261,-0.0009044999486032112,-0.10131796901869965,GBPUSD
1208,2020-11-20,0,1.3275,0.0010551704325405195,-0.10026279858615912,GBPUSD
1209,2020-11-23,0,1.3321,0.003459170241323356,-0.09680362834483576,GBPUSD
1210,2020-11-24,0,1.3357,0.002698854625642564,-0.0941047737191932,GBPUSD
1211,2020-11-25,0,1.338,0.0017204627051139608,-0.09238431101407923,GBPUSD
1212,2020-11-27,0,1.3311,-0.0051702936352003995,-0.09755460464927963,GBPUSD
1213,2020-11-30,0,1.3323,0.0009011039131927615,-0.09665350073608688,GBPUSD
1214,2020-12-01,0,1.342,0.007254266565460843,-0.08939923417062604,GBPUSD
1215,2020-12-02,0,1.3365,-0.004106781952653471,-0.09350601612327951,GBPUSD
1216,2020-12-03,0,1.345,0.00633975645696565,-0.08716625966631386,GBPUSD
1217,2020-12-04,0,1.3441,-0.0006693689588368006,-0.08783562862515067,GBPUSD
1218,2020-12-07,0,1.338,-0.0045486823889288935,-0.09238431101407955,GBPUSD
1219,2020-12-08,0,1.3355,-0.0018702081381582983,-0.09425451915223786,GBPUSD
1220,2020-12-09,0,1.3399,0.003289230744546901,-0.09096528840769096,GBPUSD
1221,2020-12-10,0,1.3295,-0.007792052611487965,-0.09875734101917892,GBPUSD
1222,2020-12-11,0,1.3224,-0.005354664176259966,-0.10411200519543888,GBPUSD
1223,2020-12-14,0,1.3324,0.007533559812710112,-0.09657844538272876,GBPUSD
1224,2020-12-15,0,1.346,0.010155403885148582,-0.08642304149758018,GBPUSD
1225,2020-12-16,0,1.3509,0.003633805770962526,-0.08278923572661766,GBPUSD
1226,2020-12-17,0,1.3585,0.005610112890766783,-0.07717912283585088,GBPUSD
1227,2020-12-18,0,1.3523,-0.004574303387088337,-0.08175342622293921,GBPUSD
1228,2020-12-21,0,1.3464,-0.004372482602717862,-0.08612590882565707,GBPUSD
1229,2020-12-22,0,1.3361,-0.007679441281747864,-0.09380535010740494,GBPUSD
1230,2020-12-23,0,1.3493,0.009831016841893261,-0.08397433326551168,GBPUSD
1231,2020-12-24,0,1.3558,0.004805746560123603,-0.07916858670538808,GBPUSD
1232,2020-12-29,0,1.3503,-0.004064896029868436,-0.08323348273525652,GBPUSD
1233,2020-12-30,0,1.3625,0.008994457570402358,-0.07423902516485416,GBPUSD
1234,2020-12-31,0,1.367,0.003297310186550454,-0.0709417149783037,GBPUSD
1235,2021-01-04,0,1.3571,-0.007268487636624512,-0.07821020261492821,GBPUSD
1236,2021-01-05,0,1.3627,0.004117955668450155,-0.07409224694647806,GBPUSD
1237,2021-01-06,0,1.3608,-0.0013952636741230886,-0.07548751062060115,GBPUSD
1238,2021-01-07,0,1.3568,-0.002943776044013399,-0.07843128666461455,GBPUSD
1239,2021-01-08,0,1.3568,0.0,-0.07843128666461455,GBPUSD
1240,2021-01-11,0,1.3518,-0.003691948371384909,-0.08212323503599946,GBPUSD
1241,2021-01-12,0,1.3664,0.010742506368051722,-0.07138072866794773,GBPUSD
1242,2021-01-13,0,1.3639,-0.0018313011014761335,-0.07321202976942387,GBPUSD
1243,2021-01-14,0,1.3689,0.0036592546686372417,-0.06955277510078663,GBPUSD
1244,2021-01-15,0,1.359,-0.007258362450322842,-0.07681113755110947,GBPUSD
1245,2021-01-19,0,1.363,0.0029390175453888434,-0.07387212000572062,GBPUSD
1246,2021-01-20,0,1.3654,0.0017592732876473948,-0.07211284671807322,GBPUSD
1247,2021-01-21,1,1.3733,0.005769176552056303,-0.06634367016601692,GBPUSD
1248,2021-01-22,1,1.3686,-0.0034282830178388266,-0.06977195318385575,GBPUSD
1249,2021-01-25,0,1.3675,-0.0008040642222611902,-0.07057601740611694,GBPUSD
1250,2021-01-26,1,1.3736,0.004450775287129592,-0.06612524211898735,GBPUSD
1251,2021-01-27,1,1.3687,-0.0035736463660450816,-0.06969888848503243,GBPUSD
1252,2021-01-28,1,1.3721,0.0024810287099089673,-0.06721785977512347,GBPUSD
1253,2021-01-29,1,1.3708,-0.0009479019266757516,-0.06816576170179922,GBPUSD
1254,2021-02-01,0,1.3663,-0.0032881546560115174,-0.07145391635781073,GBPUSD
1255,2021-02-02,0,1.3668,0.00036588489669456227,-0.07108803146111617,GBPUSD
1256,2021-02-03,0,1.3647,-0.0015376169970686732,-0.07262564845818484,GBPUSD
1257,2021-02-04,0,1.3672,0.0018302285573128933,-0.07079541990087194,GBPUSD
1258,2021-02-05,1,1.3735,0.004597373733947435,-0.06619804616692451,GBPUSD
1259,2021-02-08,1,1.3741,0.0004367448024002879,-0.06576130136452422,GBPUSD
1260,2021-02-09,1,1.3817,0.005515653724894934,-0.06024564763962929,GBPUSD
1261,2021-02-10,1,1.3834,0.0012296121038606208,-0.059016035535768674,GBPUSD
1262,2021-02-11,1,1.3816,-0.001301989334015501,-0.06031802486978417,GBPUSD
1263,2021-02-12,1,1.3849,0.0023856870162031526,-0.05793233785358102,GBPUSD
1264,2021-02-16,1,1.3903,0.003891616326825614,-0.0540407215267554,GBPUSD
1265,2021-02-17,1,1.3857,-0.003314124070828309,-0.05735484559758371,GBPUSD
1266,2021-02-18,1,1.3975,0.008479498924584787,-0.04887534667299893,GBPUSD
1267,2021-02-19,1,1.4016,0.002929515152872792,-0.045945831520126136,GBPUSD
1268,2021-02-22,1,1.4063,0.0033477006940750946,-0.042598130826051045,GBPUSD
1269,2021-02-23,1,1.4113,0.00354912354375907,-0.03904900728229198,GBPUSD
1270,2021-02-24,1,1.4141,0.0019820208937694345,-0.037066986388522544,GBPUSD
1271,2021-02-25,1,1.4015,-0.008950194708887756,-0.0460171810974103,GBPUSD
1272,2021-02-26,1,1.3933,-0.005868057485296899,-0.0518852385827072,GBPUSD
1273,2021-03-01,1,1.3925,-0.0005743413181069191,-0.052459579900814124,GBPUSD
1274,2021-03-02,1,1.3955,0.0021520811749377107,-0.050307498725876414,GBPUSD
1275,2021-03-03,1,1.3954,-7.166147124071751e-05,-0.050379160197117134,GBPUSD
1276,2021-03-04,1,1.3895,-0.004237142322577789,-0.054616302519694924,GBPUSD
1277,2021-03-05,1,1.3841,-0.0038938612799020254,-0.05851016379959695,GBPUSD
1278,2021-03-08,1,1.3824,-0.001228989852865086,-0.05973915365246203,GBPUSD
1279,2021-03-09,1,1.3892,0.004906922820127698,-0.054832230832334336,GBPUSD
1280,2021-03-10,1,1.3932,0.002875217621927213,-0.051957013210407126,GBPUSD
1281,2021-03-11,1,1.3991,0.004225913247394108,-0.047731099963013016,GBPUSD
1282,2021-03-12,1,1.3924,-0.004800295801956289,-0.052531395764969305,GBPUSD
1283,2021-03-15,1,1.39,-0.0017251298125465241,-0.05425652557751583,GBPUSD
1284,2021-03-16,1,1.3891,-0.0006476917213938411,-0.054904217298909666,GBPUSD
1285,2021-03-17,1,1.3966,0.005384656008591466,-0.049519561290318204,GBPUSD
1286,2021-03-18,1,1.3925,-0.002940018610495862,-0.05245957990081407,GBPUSD
1287,2021-03-19,1,1.3872,-0.003813365775161733,-0.0562729456759758,GBPUSD
1288,2021-03-22,1,1.3864,-0.0005768676248810532,-0.05684981330085685,GBPUSD
1289,2021-03-23,1,1.3752,-0.008111284332756938,-0.0649610976336138,GBPUSD
1290,2021-03-24,1,1.3686,-0.004810855550242162,-0.06977195318385596,GBPUSD
1291,2021-03-25,1,1.3734,0.003501097668178495,-0.06627085551567746,GBPUSD
1292,2021-03-26,1,1.3789,0.003996662661119608,-0.062274192854557854,GBPUSD
1293,2021-03-29,1,1.3762,-0.0019600020793160153,-0.06423419493387388,GBPUSD
1294,2021-03-30,1,1.374,-0.0015998839860847701,-0.06583407891995864,GBPUSD
1295,2021-03-31,1,1.3783,0.003124661918098499,-0.06270941700186014,GBPUSD
1296,2021-04-01,1,1.3833,0.003621093180376431,-0.05908832382148371,GBPUSD
1297,2021-04-06,1,1.3824,-0.0006508298309782587,-0.05973915365246197,GBPUSD
1298,2021-04-07,1,1.3737,-0.006313289718631836,-0.06605244337109381,GBPUSD
1299,2021-04-08,1,1.3735,-0.0001456027958309433,-0.06619804616692475,GBPUSD
1300,2021-04-09,1,1.3707,-0.0020406682979930333,-0.06823871446491778,GBPUSD
1301,2021-04-12,1,1.3741,0.0024774131003931885,-0.06576130136452459,GBPUSD
1302,2021-04-13,1,1.375,0.0006547597629428267,-0.06510654160158176,GBPUSD
1303,2021-04-14,1,1.3779,0.0021068698991857145,-0.06299967170239605,GBPUSD
1304,2021-04-15,1,1.3787,0.0005804251777260282,-0.06241924652467002,GBPUSD
1305,2021-04-16,1,1.3832,0.0032586291914973317,-0.05916061733317269,GBPUSD
1306,2021-04-19,1,1.3986,0.011072080900685781,-0.04808853643248691,GBPUSD
1307,2021-04-20,1,1.3937,-0.003509655144302625,-0.051598191576789534,GBPUSD
1308,2021-04-21,1,1.3931,-0.00043060141328462963,-0.052028792990074166,GBPUSD
1309,2021-04-22,1,1.3839,-0.0066258794802947895,-0.05865467247036896,GBPUSD
1310,2021-04-23,1,1.3876,0.0026700358637100994,-0.05598463660665886,GBPUSD
1311,2021-04-26,1,1.3899,0.0016561659951177027,-0.054328470611541155,GBPUSD
1312,2021-04-27,1,1.3913,0.0010067597571187742,-0.05332171085442238,GBPUSD
1313,2021-04-28,1,1.3935,0.0015800060741717056,-0.051741704780250676,GBPUSD
1314,2021-04-29,1,1.3944,0.0006456472838084016,-0.051096057496442276,GBPUSD
1315,2021-04-30,1,1.3822,-0.008787782548517156,-0.05988384004495943,GBPUSD
1316,2021-05-04,1,1.3887,0.004691625048040535,-0.0551922149969189,GBPUSD
1317,2021-05-05,1,1.3905,0.001295336968685058,-0.05389687802823384,GBPUSD
1318,2021-05-06,1,1.3889,-0.001151327751846304,-0.05504820578008014,GBPUSD
1319,2021-05-07,1,1.3984,0.00681665897909772,-0.04823154680098242,GBPUSD
1320,2021-05-10,1,1.4118,0.009536760060100721,-0.0386947867408817,GBPUSD
1321,2021-05-11,1,1.4142,0.001698514208768712,-0.03699627253211299,GBPUSD
1322,2021-05-12,1,1.4054,-0.006242040412043028,-0.04323831294415602,GBPUSD
1323,2021-05-13,1,1.4052,-0.00014231836642541182,-0.04338063131058143,GBPUSD
1324,2021-05-14,1,1.4097,0.0031972743852078118,-0.04018335692537362,GBPUSD
1325,2021-05-17,1,1.4134,0.002621233479874287,-0.037562123445499335,GBPUSD
1326,2021-05-18,1,1.4189,0.0038837742565136506,-0.033678349188985685,GBPUSD
1327,2021-05-19,1,1.4115,-0.005228954819723636,-0.03890730400870932,GBPUSD
1328,2021-05-20,1,1.419,0.005299429466498593,-0.03360787454221073,GBPUSD
1329,2021-05-21,1,1.415,-0.0028228670827046545,-0.036430741624915386,GBPUSD
1330,2021-05-24,1,1.4157,0.000494577323113474,-0.03593616430180191,GBPUSD
1331,2021-05-25,1,1.4153,-0.0002825856606582959,-0.0362187499624602,GBPUSD
1332,2021-05-26,1,1.4119,-0.0024052077243139295,-0.03862395768677413,GBPUSD
1333,2021-05-27,1,1.4207,0.006213392862552008,-0.032410564824222124,GBPUSD
1334,2021-05-28,1,1.4188,-0.0013382639785646999,-0.033748828802786825,GBPUSD
1335,2021-06-01,1,1.415,-0.002681912822128733,-0.03643074162491556,GBPUSD
1336,2021-06-02,1,1.4171,0.0014829987534868236,-0.03494774287142874,GBPUSD
1337,2021-06-03,1,1.4106,-0.004597384056745889,-0.03954512692817463,GBPUSD
1338,2021-06-04,1,1.4157,0.00360896262637267,-0.03593616430180196,GBPUSD
1339,2021-06-07,1,1.4183,0.0018348629001102184,-0.03410130140169174,GBPUSD
1340,2021-06-08,1,1.4157,-0.001834862900110335,-0.035936164301802076,GBPUSD
1341,2021-06-09,1,1.4118,-0.0027586224390797514,-0.03869478674088183,GBPUSD
1342,2021-06-10,1,1.4177,0.004170354162214017,-0.034524432578667816,GBPUSD
1343,2021-06-11,1,1.4107,-0.004949805043129071,-0.03947423762179689,GBPUSD
1344,2021-06-14,1,1.4112,0.00035437117207024886,-0.03911986644972664,GBPUSD
1345,2021-06-15,1,1.4083,-0.0020571030485222147,-0.04117696949824885,GBPUSD
1346,2021-06-16,1,1.3988,-0.006768577014783835,-0.04794554651303269,GBPUSD
1347,2021-06-17,1,1.3922,-0.004729496454654666,-0.05267504296768736,GBPUSD
1348,2021-06-18,1,1.381,-0.008077355325274014,-0.060752398292961377,GBPUSD
1349,2021-06-21,1,1.3934,0.008938929186726292,-0.051813469106235084,GBPUSD
1350,2021-06-22,1,1.3949,0.0010759245021711246,-0.05073754460406396,GBPUSD
1351,2021-06-23,1,1.3964,0.001074768132691569,-0.04966277647137239,GBPUSD
1352,2021-06-24,1,1.3922,-0.0030122664963148802,-0.05267504296768727,GBPUSD
1353,2021-06-25,1,1.3879,-0.0030934163727720726,-0.05576845934045934,GBPUSD
1354,2021-06-28,1,1.3883,0.0002881636789627136,-0.05548029566149663,GBPUSD
1355,2021-06-29,1,1.3836,-0.0033911789777431034,-0.05887147463923973,GBPUSD
1356,2021-06-30,1,1.3831,-0.0003614414323514301,-0.05923291607159116,GBPUSD
1357,2021-07-01,1,1.3767,-0.004638025561764734,-0.0638709416333559,GBPUSD
1358,2021-07-02,1,1.3824,0.004131787980893729,-0.05973915365246217,GBPUSD
1359,2021-07-06,1,1.38,-0.0017376198985409599,-0.06147677355100313,GBPUSD
1360,2021-07-07,1,1.3801,7.246114274418836e-05,-0.06140431240825894,GBPUSD
1361,2021-07-08,1,1.3786,-0.0010874688424429438,-0.062491781250701886,GBPUSD
1362,2021-07-09,1,1.3901,0.008307195531495427,-0.05418458571920646,GBPUSD
1363,2021-07-12,1,1.3883,-0.0012957099422901087,-0.055480295661496565,GBPUSD
1364,2021-07-13,1,1.3814,-0.004982499385884206,-0.06046279504738077,GBPUSD
1365,2021-07-14,1,1.386,0.0033244230949759372,-0.057138371952404836,GBPUSD
1366,2021-07-15,1,1.3829,-0.0022391572792357806,-0.059377529231640615,GBPUSD
1367,2021-07-16,1,1.3767,-0.0044934124017152,-0.06387094163335581,GBPUSD
1368,2021-07-19,1,1.3675,-0.006705075772761328,-0.07057601740611714,GBPUSD
1369,2021-07-20,0,1.3628,-0.003442848509324757,-0.0740188659154419,GBPUSD
1370,2021-07-21,0,1.3713,0.006217788218996736,-0.06780107769644517,GBPUSD
1371,2021-07-22,1,1.3768,0.004002770891521272,-0.06379830680492389,GBPUSD
1372,2021-07-23,1,1.3748,-0.0014536999216508573,-0.06525200672657475,GBPUSD
1373,2021-07-26,1,1.3818,0.005078731079015721,-0.060173275647559026,GBPUSD
1374,2021-07-27,1,1.3879,0.004404816307099669,-0.055768459340459355,GBPUSD
1375,2021-07-28,1,1.3902,0.001655808304591456,-0.0541126510358679,GBPUSD
1376,2021-07-29,1,1.3959,0.004091746852326957,-0.05002090418354094,GBPUSD
1377,2021-07-30,1,1.3904,-0.0039478930075848235,-0.05396879719112576,GBPUSD
1378,2021-08-02,1,1.3883,-0.0015114984703709048,-0.05548029566149666,GBPUSD
1379,2021-08-03,1,1.3916,0.00237418723703009,-0.05310610842446657,GBPUSD
1380,2021-08-04,1,1.3889,-0.0019420973556136159,-0.05504820578008019,GBPUSD
1381,2021-08-05,1,1.3931,0.0030194127900059933,-0.0520287929900742,GBPUSD
1382,2021-08-06,1,1.3872,-0.004244152685901887,-0.056272945675976085,GBPUSD
